pkg/rmaxent/inst/layers/cld6190_ann.asc
NCOLS 122 
NROWS 160 
XLLCORNER -94.8 
YLLCORNER -56.45 
CELLSIZE 0.5 
NODATA_value -3.4e+38 
[rows 96 to 119 of 160, columns 55 to 109 of 122]
44.4000015258789 45.4500007629395 47.2000007629395 51.5999984741211 55.310001373291 54.9500007629395 54.4500007629395 53.6699981689453 53.0200004577637 52.6800003051758 52.0200004577637 52 51.5400009155273 50.5999984741211 49.7400016784668 48.7999992370605 48.0200004577637 48 48 48.2299995422363 49.0299987792969 50.9000015258789 52.9000015258789 55.2799987792969 57.8499984741211 59.9000015258789 62.2299995422363 64.7799987792969 66.7799987792969 68.8099975585938 70.7399978637695 72.6100006103516 74.129997253418 75.4499969482422 76.5500030517578 76.0100021362305 74.9899978637695 74.9000015258789 74.629997253418 70.8899993896484 65.75 64 64 -3.4e+38 -3.4e+38 -3.4e+38 -3.4e+38 -3.4e+38 -3.4e+38 -3.4e+38 -3.4e+38 -3.4e+38 -3.4e+38 -3.4e+38 -3.4e+38
44.3300018310547 45.9700012207031 48.810001373291 52.439998626709 54.6199989318848 53.6699981689453 53.2799987792969 52.7299995422363 52.0999984741211 52.0200004577637 51.6800003051758 51.0999984741211 51.0200004577637 50.5299987792969 49.5299987792969 48.5299987792969 47.6800003051758 47.0999984741211 47.0999984741211 47.5 48.4000015258789 49.9000015258789 51.9000015258789 53.9599990844727 56.3899993896484 58.8199996948242 61.2200012207031 63.8499984741211 65.9300003051758 68.2600021362305 70.8600006103516 73.1600036621094 75.2399978637695 76.7099990844727 77.8899993896484 77.4300003051758 76.3600006103516 75.5699996948242 71.75 66.46875 64 -3.4e+38 -3.4e+38 -3.4e+38 -3.4e+38 -3.4e+38 -3.4e+38 -3.4e+38 -3.4e+38 -3.4e+38 -3.4e+38 -3.4e+38 -3.4e+38 -3.4e+38 -3.4e+38
43.5699996948242 45.310001373291 48.5099983215332 51.7700004577637 52.7900009155273 52.2299995422363 52 51.6500015258789 51.0999984741211 51.0999984741211 51.0200004577637 50.6699981689453 50.0999984741211 49.7299995422363 48.7299995422363 47.7299995422363 47.0200004577637 47 47 47 47.5999984741211 48.9300003051758 50.9000015258789 52.9000015258789 54.9599990844727 57.1100006103516 59.560001373291 62.4500007629395 65.2300033569336 67.8399963378906 70.6100006103516 73.620002746582 75.7399978637695 77.5599975585938 78.8899993896484 78.3899993896484 76.9899978637695 72.4400024414062 66.796875 65 -3.4e+38 -3.4e+38 -3.4e+38 -3.4e+38 -3.4e+38 -3.4e+38 -3.4e+38 -3.4e+38 -3.4e+38 -3.4e+38 -3.4e+38 -3.4e+38 -3.4e+38 -3.4e+38 -3.4e+38
42.8499984741211 44.4500007629395 46.8400001525879 49.9199981689453 51.060001373291 50.6300010681152 50.2999992370605 50.1800003051758 50.0299987792969 50.0999984741211 50.0999984741211 49.7299995422363 49.0999984741211 48.7099990844727 47.7099990844727 46.7099990844727 46.0999984741211 46.0999984741211 46.0999984741211 46.5 47.3199996948242 48.3899993896484 49.9000015258789 51.9000015258789 53.9300003051758 56.2599983215332 59.1300010681152 61.810001373291 64.2799987792969 67.1399993896484 70.1399993896484 73.1900024414062 75.6999969482422 77.3099975585938 78.370002746582 78.0599975585938 76.1800003051758 74.34375 65.1666641235352 -3.4e+38 -3.4e+38 -3.4e+38 -3.4e+38 -3.4e+38 -3.4e+38 -3.4e+38 -3.4e+38 -3.4e+38 -3.4e+38 -3.4e+38 -3.4e+38 -3.4e+38 -3.4e+38 -3.4e+38 -3.4e+38
41.8300018310547 43.4199981689453 44.9599990844727 47.1500015258789 48.2900009155273 48.2400016784668 48.2000007629395 48.3199996948242 48.560001373291 48.9900016784668 49.0299987792969 49.0200004577637 48.6599998474121 47.7099990844727 46.7099990844727 45.7299995422363 45.0999984741211 45.0999984741211 45.560001373291 46 46.5900001525879 47.5900001525879 48.9300003051758 50.9300003051758 53.2999992370605 55.9300003051758 58.3800010681152 60.9199981689453 62.9599990844727 65.4599990844727 68.6800003051758 71.8000030517578 73.9199981689453 75.5199966430664 76.2099990844727 75.5299987792969 73.9000015258789 73.216667175293 -3.4e+38 -3.4e+38 -3.4e+38 -3.4e+38 -3.4e+38 -3.4e+38 -3.4e+38 -3.4e+38 -3.4e+38 -3.4e+38 -3.4e+38 -3.4e+38 -3.4e+38 -3.4e+38 -3.4e+38 -3.4e+38 -3.4e+38
39.9300003051758 41.5200004577637 42.9799995422363 44.6100006103516 45.3899993896484 45.4000015258789 45.7200012207031 46.5099983215332 47.1500015258789 47.3899993896484 47.560001373291 47.9900016784668 47.6399993896484 46.7099990844727 45.7099990844727 45.0200004577637 44.6800003051758 44.560001373291 45.4000015258789 46 46.4000015258789 47.4000015258789 48.5 50.3800010681152 53.2400016784668 55.9099998474121 58.2400016784668 60.4700012207031 61.9199981689453 63.9599990844727 66.5299987792969 69.1699981689453 71.1800003051758 72.8000030517578 73.4199981689453 72.9899978637695 71.9300003051758 71.283332824707 -3.4e+38 -3.4e+38 -3.4e+38 -3.4e+38 -3.4e+38 -3.4e+38 -3.4e+38 -3.4e+38 -3.4e+38 -3.4e+38 -3.4e+38 -3.4e+38 -3.4e+38 -3.4e+38 -3.4e+38 -3.4e+38 -3.4e+38
37.3199996948242 38.689998626709 40.6599998474121 42.0900001525879 43.1800003051758 43.3199996948242 43.689998626709 44.6800003051758 45.5900001525879 46.0999984741211 46.2299995422363 46.3899993896484 46.2299995422363 45.6399993896484 44.7299995422363 44.0999984741211 44.0200004577637 44.4000015258789 45.4000015258789 46 46.4300003051758 47.4900016784668 48.7799987792969 51.1100006103516 53.7900009155273 56.25 58.75 60.4000015258789 61.4700012207031 62.9199981689453 64.9599990844727 67.0800018310547 69.0500030517578 70.5999984741211 71.5400009155273 71.9100036621094 71.0999984741211 70.0500030517578 -3.4e+38 -3.4e+38 -3.4e+38 -3.4e+38 -3.4e+38 -3.4e+38 -3.4e+38 -3.4e+38 -3.4e+38 -3.4e+38 -3.4e+38 -3.4e+38 -3.4e+38 -3.4e+38 -3.4e+38 -3.4e+38 -3.4e+38
35.2099990844727 36.9700012207031 38.6300010681152 39.6500015258789 40.8400001525879 41.6699981689453 42.5900001525879 43.5299987792969 44.4700012207031 44.9900016784668 45 45 44.6699981689453 44.2799987792969 44.0200004577637 44 44 44.4000015258789 45.4000015258789 46 46.7799987792969 48.310001373291 49.7900009155273 52.1599998474121 55.0400009155273 57.5699996948242 59.310001373291 60.4000015258789 61.4000015258789 62.4700012207031 63.9199981689453 65.870002746582 67.5199966430664 68.6800003051758 69.9499969482422 70.3000030517578 68.6699981689453 67.7666702270508 -3.4e+38 -3.4e+38 -3.4e+38 -3.4e+38 -3.4e+38 -3.4e+38 -3.4e+38 -3.4e+38 -3.4e+38 -3.4e+38 -3.4e+38 -3.4e+38 -3.4e+38 -3.4e+38 -3.4e+38 -3.4e+38 -3.4e+38
34.9900016784668 35.9199981689453 36.9000015258789 37.6500015258789 39.8600006103516 41.3699989318848 42.4000015258789 43 43.2299995422363 43.3400001525879 43.2999992370605 43.3300018310547 43.2799987792969 43.5 44 44 44 44.4000015258789 45.4000015258789 46.2900009155273 47.7099990844727 49.6399993896484 51.5200004577637 53.5900001525879 56.0699996948242 58.3400001525879 59.4900016784668 60.4599990844727 61.4000015258789 62.3400001525879 63.3899993896484 64.5699996948242 66.0100021362305 67.5 68.1800003051758 67.879997253418 64.6600036621094 60.466667175293 -3.4e+38 -3.4e+38 -3.4e+38 -3.4e+38 -3.4e+38 -3.4e+38 -3.4e+38 -3.4e+38 -3.4e+38 -3.4e+38 -3.4e+38 -3.4e+38 -3.4e+38 -3.4e+38 -3.4e+38 -3.4e+38 -3.4e+38
34.5900001525879 35.560001373291 36.5 37.7799987792969 39.560001373291 41 42.4900016784668 43 42.7400016784668 41.7900009155273 41.4000015258789 41.5999984741211 42.4799995422363 43 43.5 44 44 44.4000015258789 45.4000015258789 46.75 48.6800003051758 50.6599998474121 52.6599998474121 54.6599998474121 56.7299995422363 58.7400016784668 60.2099990844727 60.9799995422363 61.4000015258789 62 62.5299987792969 63.5099983215332 64.8499984741211 66.3399963378906 66.370002746582 65.609375 63.7999992370605 59 -3.4e+38 -3.4e+38 -3.4e+38 -3.4e+38 -3.4e+38 -3.4e+38 -3.4e+38 -3.4e+38 -3.4e+38 -3.4e+38 -3.4e+38 -3.4e+38 -3.4e+38 -3.4e+38 -3.4e+38 -3.4e+38 -3.4e+38
34.7599983215332 36.2400016784668 37.310001373291 38.7099990844727 40.2999992370605 41.7099990844727 43.2700004577637 43.5 42.689998626709 41.3800010681152 40.1100006103516 40.6800003051758 41.6500015258789 42.560001373291 43 43.5 44 44.4000015258789 45.4300003051758 47.1599998474121 49.3400001525879 50.939998626709 52.939998626709 54.939998626709 56.9199981689453 58.9000015258789 60.4000015258789 61 61.4000015258789 62 62 62.5299987792969 63.2900009155273 63.8800010681152 64.53125 65 -3.4e+38 -3.4e+38 -3.4e+38 -3.4e+38 -3.4e+38 -3.4e+38 -3.4e+38 -3.4e+38 -3.4e+38 -3.4e+38 -3.4e+38 -3.4e+38 -3.4e+38 -3.4e+38 -3.4e+38 -3.4e+38 -3.4e+38 -3.4e+38 -3.4e+38
35.3499984741211 36.7799987792969 38.2999992370605 39.7099990844727 41.310001373291 42.7700004577637 44.0200004577637 44.0699996948242 43.5099983215332 42.1199989318848 40.9900016784668 41.310001373291 41.9799995422363 42.4599990844727 43 43 43.6199989318848 44.4000015258789 45.7400016784668 47.7299995422363 49.7400016784668 51.6599998474121 53.6599998474121 55.6599998474121 57.310001373291 58.9000015258789 60.4000015258789 61 61.4000015258789 62 62 61.7700004577637 61.75 62.3600006103516 62.683334350586 -3.4e+38 -3.4e+38 -3.4e+38 -3.4e+38 -3.4e+38 -3.4e+38 -3.4e+38 -3.4e+38 -3.4e+38 -3.4e+38 -3.4e+38 -3.4e+38 -3.4e+38 -3.4e+38 -3.4e+38 -3.4e+38 -3.4e+38 -3.4e+38 -3.4e+38 -3.4e+38
35.75 37.6800003051758 39.2400016784668 40.7099990844727 42.6399993896484 44.2000007629395 45.3199996948242 45.4099998474121 44.5099983215332 43.4300003051758 42.4500007629395 42.3899993896484 42.9700012207031 42.9799995422363 43 43.3199996948242 43.9799995422363 44.3699989318848 45.9000015258789 47.9000015258789 49.9099998474121 51.939998626709 53.9199981689453 55.9000015258789 57.4000015258789 58.9000015258789 60.4000015258789 61 61.3400001525879 62 62 59.6699981689453 58.310001373291 59.7900009155273 57.1500015258789 -3.4e+38 -3.4e+38 -3.4e+38 -3.4e+38 -3.4e+38 -3.4e+38 -3.4e+38 -3.4e+38 -3.4e+38 -3.4e+38 -3.4e+38 -3.4e+38 -3.4e+38 -3.4e+38 -3.4e+38 -3.4e+38 -3.4e+38 -3.4e+38 -3.4e+38 -3.4e+38
36.1199989318848 38.2799987792969 39.7400016784668 41.6699981689453 43.7000007629395 45.6199989318848 46.7200012207031 46.5099983215332 45.5099983215332 44.5400009155273 43.9700012207031 44.2099990844727 44.439998626709 44.0999984741211 43.9799995422363 43.9799995422363 43.8499984741211 44.0800018310547 45.939998626709 47.939998626709 50.1599998474121 52.6599998474121 54.310001373291 55.9000015258789 57.4000015258789 58.7999992370605 60.3199996948242 61 61 61.0999984741211 61.2599983215332 60.8400001525879 58.5499992370605 56.171875 56 -3.4e+38 -3.4e+38 -3.4e+38 -3.4e+38 -3.4e+38 -3.4e+38 -3.4e+38 -3.4e+38 -3.4e+38 -3.4e+38 -3.4e+38 -3.4e+38 -3.4e+38 -3.4e+38 -3.4e+38 -3.4e+38 -3.4e+38 -3.4e+38 -3.4e+38 -3.4e+38
36.3800010681152 37.9599990844727 39.9099998474121 42.1599998474121 44.6599998474121 46.3400001525879 47.3199996948242 47.4799995422363 46.5099983215332 45.7700004577637 45.7000007629395 45.7299995422363 45.7700004577637 45.7000007629395 45.3899993896484 44.560001373291 44.3699989318848 45.189998626709 46.7000007629395 48.7000007629395 50.75 52.9000015258789 54.4000015258789 55.9000015258789 57.4000015258789 58.4099998474121 59.5 60.0999984741211 60.5 61 58.5400009155273 54.9500007629395 55.25 55 -3.4e+38 -3.4e+38 -3.4e+38 -3.4e+38 -3.4e+38 -3.4e+38 -3.4e+38 -3.4e+38 -3.4e+38 -3.4e+38 -3.4e+38 -3.4e+38 -3.4e+38 -3.4e+38 -3.4e+38 -3.4e+38 -3.4e+38 -3.4e+38 -3.4e+38 -3.4e+38 -3.4e+38
36.4000015258789 37.9000015258789 40.1199989318848 42.7299995422363 44.9000015258789 46.7400016784668 47.9700012207031 48 47.4799995422363 46.9000015258789 46.9000015258789 46.9000015258789 46.9000015258789 46.439998626709 46 45.7700004577637 45.7299995422363 46.310001373291 47.7099990844727 49.7000007629395 51.4000015258789 52.9199981689453 54.4300003051758 55.9199981689453 57.4000015258789 58 58.5900001525879 59.5 59.75 60.2200012207031 60.390625 53.4000015258789 54 -3.4e+38 -3.4e+38 -3.4e+38 -3.4e+38 -3.4e+38 -3.4e+38 -3.4e+38 -3.4e+38 -3.4e+38 -3.4e+38 -3.4e+38 -3.4e+38 -3.4e+38 -3.4e+38 -3.4e+38 -3.4e+38 -3.4e+38 -3.4e+38 -3.4e+38 -3.4e+38 -3.4e+38 -3.4e+38
36.4000015258789 37.7999992370605 40.1699981689453 42.9099998474121 44.9199981689453 46.7999992370605 48 48 48 47.9000015258789 47.9000015258789 47.5 47 46.6599998474121 46 46 46.3499984741211 47.310001373291 48.7099990844727 50.6800003051758 52.2400016784668 53.4099998474121 54.7599983215332 56.25 57.3199996948242 58 58.3199996948242 59 57.2200012207031 54.703125 61 -3.4e+38 -3.4e+38 -3.4e+38 -3.4e+38 -3.4e+38 -3.4e+38 -3.4e+38 -3.4e+38 -3.4e+38 -3.4e+38 -3.4e+38 -3.4e+38 -3.4e+38 -3.4e+38 -3.4e+38 -3.4e+38 -3.4e+38 -3.4e+38 -3.4e+38 -3.4e+38 -3.4e+38 -3.4e+38 -3.4e+38 -3.4e+38
36.4900016784668 37.5699996948242 39.7900009155273 43.2000007629395 45.4000015258789 46.5299987792969 47.5499992370605 48 48 48 48 48 47.5 47 46.5 46.3199996948242 47.2200012207031 48.2200012207031 49.6699981689453 51.3400001525879 52.7599983215332 54.2099990844727 55.3199996948242 56 56.5900001525879 57.0999984741211 57.5900001525879 58.5 56.6800003051758 53 -3.4e+38 -3.4e+38 -3.4e+38 -3.4e+38 -3.4e+38 -3.4e+38 -3.4e+38 -3.4e+38 -3.4e+38 -3.4e+38 -3.4e+38 -3.4e+38 -3.4e+38 -3.4e+38 -3.4e+38 -3.4e+38 -3.4e+38 -3.4e+38 -3.4e+38 -3.4e+38 -3.4e+38 -3.4e+38 -3.4e+38 -3.4e+38 -3.4e+38
37.310001373291 38.6500015258789 40.9300003051758 43.9799995422363 46.1800003051758 46.9799995422363 47.4000015258789 48 48 48 48 48 48 47.5 47 46.9799995422363 47.4000015258789 48.4300003051758 49.939998626709 51.7599983215332 53.310001373291 54.4000015258789 55.3400001525879 56 56.4000015258789 57 57.4000015258789 58 57.75 53 -3.4e+38 -3.4e+38 -3.4e+38 -3.4e+38 -3.4e+38 -3.4e+38 -3.4e+38 -3.4e+38 -3.4e+38 -3.4e+38 -3.4e+38 -3.4e+38 -3.4e+38 -3.4e+38 -3.4e+38 -3.4e+38 -3.4e+38 -3.4e+38 -3.4e+38 -3.4e+38 -3.4e+38 -3.4e+38 -3.4e+38 -3.4e+38 -3.4e+38
38.2200012207031 39.6699981689453 41.7299995422363 43.9300003051758 45.8600006103516 47 47.3400001525879 48 48 48 48 48 48 48 47.439998626709 47 47.4300003051758 48.7599983215332 50.5200004577637 52.0299987792969 53.2200012207031 54.3400001525879 55 55.560001373291 56.4000015258789 56.9000015258789 57.2099990844727 58 58 -3.4e+38 -3.4e+38 -3.4e+38 -3.4e+38 -3.4e+38 -3.4e+38 -3.4e+38 -3.4e+38 -3.4e+38 -3.4e+38 -3.4e+38 -3.4e+38 -3.4e+38 -3.4e+38 -3.4e+38 -3.4e+38 -3.4e+38 -3.4e+38 -3.4e+38 -3.4e+38 -3.4e+38 -3.4e+38 -3.4e+38 -3.4e+38 -3.4e+38 -3.4e+38
38.4900016784668 39.9199981689453 41.9000015258789 43.7999992370605 45.439998626709 46.4900016784668 47 47.0999984741211 47.560001373291 48 48 48 48 48 47.689998626709 47 47.6399993896484 49.310001373291 49.9500007629395 49.9199981689453 51.5499992370605 54 54.560001373291 55.2700004577637 56.0800018310547 55.5299987792969 54.03125 58 -3.4e+38 -3.4e+38 -3.4e+38 -3.4e+38 -3.4e+38 -3.4e+38 -3.4e+38 -3.4e+38 -3.4e+38 -3.4e+38 -3.4e+38 -3.4e+38 -3.4e+38 -3.4e+38 -3.4e+38 -3.4e+38 -3.4e+38 -3.4e+38 -3.4e+38 -3.4e+38 -3.4e+38 -3.4e+38 -3.4e+38 -3.4e+38 -3.4e+38 -3.4e+38 -3.4e+38
39.2200012207031 40.3199996948242 41.9000015258789 43.4700012207031 44.8600006103516 46 46.5 47 47.3199996948242 48 48 48.2599983215332 48.9000015258789 48.9000015258789 48.4199981689453 47.439998626709 47.4700012207031 49.1800003051758 51.3600006103516 52.2999992370605 52.5 54 54.4000015258789 53.0652160644531 53.1199989318848 53.609375 53 -3.4e+38 -3.4e+38 -3.4e+38 -3.4e+38 -3.4e+38 -3.4e+38 -3.4e+38 -3.4e+38 -3.4e+38 -3.4e+38 -3.4e+38 -3.4e+38 -3.4e+38 -3.4e+38 -3.4e+38 -3.4e+38 -3.4e+38 -3.4e+38 -3.4e+38 -3.4e+38 -3.4e+38 -3.4e+38 -3.4e+38 -3.4e+38 -3.4e+38 -3.4e+38 -3.4e+38 -3.4e+38
39.4900016784668 40.4900016784668 41.9199981689453 43.4000015258789 44.4700012207031 45.5499992370605 46 46.0999984741211 46.5299987792969 47.5299987792969 48 48.4000015258789 49 49 48.689998626709 47.689998626709 47.4900016784668 48.9700012207031 51.0400009155273 52.4900016784668 53 -3.4e+38 -3.4e+38 52 52.4000015258789 53 -3.4e+38 -3.4e+38 -3.4e+38 -3.4e+38 -3.4e+38 -3.4e+38 -3.4e+38 -3.4e+38 -3.4e+38 -3.4e+38 -3.4e+38 -3.4e+38 -3.4e+38 -3.4e+38 -3.4e+38 -3.4e+38 -3.4e+38 -3.4e+38 -3.4e+38 -3.4e+38 -3.4e+38 -3.4e+38 -3.4e+38 -3.4e+38 -3.4e+38 -3.4e+38 -3.4e+38 -3.4e+38 -3.4e+38
40.2200012207031 41.2200012207031 42.3199996948242 43.4000015258789 44.4000015258789 45.4000015258789 46 46 46 46.8699989318848 48 48.4599990844727 49 49.3499984741211 49.5499992370605 48.6199989318848 48.3899993896484 49.7700004577637 51.3699989318848 52 52.0625 52 -3.4e+38 -3.4e+38 -3.4e+38 -3.4e+38 -3.4e+38 -3.4e+38 -3.4e+38 -3.4e+38 -3.4e+38 -3.4e+38 -3.4e+38 -3.4e+38 -3.4e+38 -3.4e+38 -3.4e+38 -3.4e+38 -3.4e+38 -3.4e+38 -3.4e+38 -3.4e+38 -3.4e+38 -3.4e+38 -3.4e+38 -3.4e+38 -3.4e+38 -3.4e+38 -3.4e+38 -3.4e+38 -3.4e+38 -3.4e+38 -3.4e+38 -3.4e+38 -3.4e+38
