pkg/rmaxent/inst/layers/cld6190_ann.asc
NCOLS 122 
NROWS 160 
XLLCORNER -94.8 
YLLCORNER -56.45 
CELLSIZE 0.5 
NODATA_value -3.4e+38 
[rows 72 to 95 of 160, columns 55 to 109 of 122]
66.3099975585938 66.6500015258789 67.2799987792969 67.5299987792969 67.9899978637695 68.129997253418 68.3199996948242 68.4000015258789 68.5599975585938 69.1500015258789 69.3899993896484 69.5599975585938 70.1500015258789 70.5999984741211 71.0999984741211 71.4899978637695 72 72 72.0999984741211 72.0999984741211 72.0999984741211 72.0999984741211 72.0500030517578 72 71.6500015258789 71.0999984741211 70.7399978637695 70.0999984741211 70.0999984741211 69.7399978637695 69.0999984741211 68.7399978637695 68.0199966430664 67.5400009155273 67 66.5999984741211 65.5999984741211 64.6600036621094 64 64.5 65 64.6800003051758 63.6800003051758 62.5699996948242 61.4599990844727 60.3800010681152 60 60.189998626709 61.5800018310547 64.0899963378906 67.5400009155273 71.3399963378906 74.9100036621094 77.0500030517578 76.8600006103516
64.5500030517578 65.1500015258789 65.3899993896484 65.6999969482422 66.3899993896484 66.4000015258789 66.5599975585938 66.9899978637695 67.1600036621094 67.5500030517578 68.0199966430664 68.2300033569336 68.5999984741211 69.4800033569336 70.0500030517578 70.5400009155273 71.0999984741211 71.0999984741211 71.0999984741211 71.0999984741211 71.0999984741211 71.0500030517578 70.6699981689453 70.4000015258789 70.2799987792969 70.0999984741211 70.0199966430664 69.6800003051758 69.0999984741211 69.0199966430664 68.6800003051758 68.0199966430664 67.6800003051758 67.0199966430664 67 66.5400009155273 65.5999984741211 65 64.379997253418 64 64.0999984741211 64.0199966430664 63.5299987792969 62.2400016784668 60.810001373291 59.7999992370605 59.0999984741211 59.5999984741211 61.2700004577637 64.129997253418 67.2200012207031 70.6900024414062 73.8600006103516 75.5199966430664 75.6999969482422
63.1500015258789 63.5499992370605 63.9900016784668 64.4499969482422 64.9899978637695 65 65.1600036621094 65.3899993896484 65.5599975585938 66.120002746582 66.5199966430664 67.0199966430664 67.5299987792969 68.2300033569336 68.9599990844727 69.9199981689453 70.0999984741211 70.5 71 70.6699981689453 70.0999984741211 69.75 69.2799987792969 69.0999984741211 69.0999984741211 69.0999984741211 69.0999984741211 69.0199966430664 68.6800003051758 68.0999984741211 68.0199966430664 67.6800003051758 67.0199966430664 66.7399978637695 66.0999984741211 66.0199966430664 65.5999984741211 64.7399978637695 64.0199966430664 64 64 63.6800003051758 62.7999992370605 61.6800003051758 60.5999984741211 59.5999984741211 59 59.3400001525879 60.810001373291 63.310001373291 66.3099975585938 69.370002746582 71.6900024414062 72.8899993896484 73.3300018310547
61.5499992370605 62.1500015258789 62.3899993896484 62.6500015258789 63.310001373291 63.4000015258789 63.560001373291 63.9900016784668 64.1600036621094 64.3899993896484 64.6999969482422 65.5500030517578 66.4700012207031 67.4899978637695 68.0899963378906 68.6399993896484 69.5 70 70.0999984741211 69.8000030517578 69.0999984741211 68.7399978637695 68.4499969482422 68.5800018310547 68.0999984741211 68.5 68.6800003051758 68.0999984741211 68.0199966430664 68 67.6800003051758 67.0199966430664 67 66.5400009155273 66 66 65.5400009155273 64.6600036621094 64 64 63.6800003051758 63.0200004577637 62.5999984741211 61.5999984741211 60.5999984741211 59.5999984741211 59 59 60.0299987792969 62.3800010681152 65.3399963378906 67.9899978637695 70.0299987792969 71.5199966430664 71.4400024414062
60.2299995422363 60.5999984741211 61.0999984741211 61.2299995422363 61.5499992370605 62.0200004577637 62.2299995422363 62.3899993896484 62.560001373291 63.0200004577637 63.4799995422363 64.1800003051758 65.0100021362305 66.4599990844727 67.0999984741211 67.870002746582 69 69.5 70 69.5999984741211 68.7399978637695 68.0199966430664 67.7300033569336 67.2799987792969 67.5 68 68.0199966430664 68 67.6800003051758 67.0999984741211 67.0199966430664 66.6800003051758 66.0999984741211 66.0199966430664 66 65.6800003051758 65.0199966430664 65 64.379997253418 63.7400016784668 63.0200004577637 63 62.5400009155273 61.5699996948242 60.5400009155273 59.5999984741211 59 59 59.9199981689453 62.2000007629395 64.9300003051758 67.2600021362305 69.4000015258789 70.4700012207031 70.25
59.0999984741211 59.5299987792969 60.0999984741211 60.0999984741211 60.2299995422363 60.5499992370605 60.9900016784668 61 61.1300010681152 61.5200004577637 62.1500015258789 62.9300003051758 64.0100021362305 65.0100021362305 66.4800033569336 67.4000015258789 68.4800033569336 69 69.5599975585938 69.5999984741211 68.5999984741211 67.7399978637695 67.0199966430664 67 67 67.0999984741211 67.0999984741211 67.0999984741211 67.0199966430664 66.9499969482422 66.5899963378906 66.0199966430664 66 66 65.7399978637695 65.0199966430664 65 64.6800003051758 64.0199966430664 63.5999984741211 63 62.7400016784668 62.0200004577637 61.2999992370605 60.0299987792969 59.6599998474121 59.3199996948242 59.9000015258789 60.4199981689453 62.3300018310547 64.9199981689453 66.9400024414062 68.6800003051758 69.2300033569336 69.1500015258789
58.0999984741211 58.5299987792969 59.0499992370605 59.0299987792969 59.0999984741211 59.2299995422363 59.3899993896484 59.4000015258789 59.4000015258789 59.7099990844727 60.5999984741211 61.5900001525879 62.5999984741211 63.8800010681152 65.4300003051758 66.4700012207031 67.5299987792969 68.4899978637695 69.3300018310547 69.5400009155273 68.5999984741211 67.5999984741211 66.7399978637695 66.5 67 67 66.9499969482422 66.5899963378906 66.0999984741211 65.7600021362305 65.2799987792969 65.0999984741211 65.0999984741211 65.4499969482422 65.4400024414062 65 64.6800003051758 64.0199966430664 64 63.6599998474121 63 62.5999984741211 61.7400016784668 61.0099983215332 60.5099983215332 60 59.9799995422363 60.3600006103516 61.7099990844727 63.5900001525879 65.4000015258789 67.1600036621094 69.1500015258789 69.9000015258789 69.5
57.0999984741211 57.5400009155273 57.7599983215332 57.6199989318848 58.0999984741211 58.0999984741211 58.0999984741211 58.0999984741211 58.5 59 59.5400009155273 60.5299987792969 61.5299987792969 62.6300010681152 63.7599983215332 65.0299987792969 66.5199966430664 67.5299987792969 68.5299987792969 69.0199966430664 68.5299987792969 67.5400009155273 66.5999984741211 66 66.0999984741211 66.0999984741211 65.7600021362305 65.2799987792969 65.0999984741211 65.0199966430664 65 65 65 64.7300033569336 64.2799987792969 64.0500030517578 63.9500007629395 64 64 64 63.5 62.689998626709 61.689998626709 61 61 60.9000015258789 60.9000015258789 61.6500015258789 63.189998626709 64.6999969482422 66.3000030517578 67.7799987792969 69.0500030517578 69.7099990844727 70
57 57 57.0200004577637 57 57.560001373291 58 57.6800003051758 57.560001373291 58 58.5 59 59.5999984741211 60.5999984741211 61.8699989318848 63.3300018310547 64.4000015258789 65.5199966430664 66.5299987792969 67.5299987792969 68.0999984741211 67.7300033569336 67.0199966430664 66.5400009155273 66 65.6800003051758 65.0999984741211 65.0199966430664 65 64.6800003051758 64.0999984741211 64.0999984741211 64.0999984741211 64.0999984741211 63.9700012207031 63.5900001525879 62.7599983215332 62.6199989318848 63.0999984741211 63.4900016784668 64 64 63.3499984741211 62.3499984741211 61.439998626709 61 61 61.3499984741211 62.7099990844727 64.3099975585938 65.7699966430664 67.3099975585938 68.7399978637695 70.1100006103516 70.7200012207031 70.8499984741211
57.9000015258789 57.9000015258789 57.9000015258789 57.9000015258789 57.6399993896484 57.0999984741211 57.0200004577637 57.3400001525879 58 58 58.5 59.3300018310547 60.3300018310547 61.4000015258789 62.5200004577637 63.5299987792969 64.5299987792969 65.4800033569336 66.4400024414062 66.9899978637695 66.6500015258789 66.0999984741211 65.9700012207031 65.5899963378906 65.0199966430664 65 65 64.6800003051758 64.0199966430664 64 64 63.6800003051758 63.0999984741211 62.75 62.2799987792969 62.0200004577637 62 62.0999984741211 62.5400009155273 63.439998626709 63.5800018310547 62.7299995422363 61.7400016784668 61.4199981689453 61.9000015258789 61.9000015258789 62.310001373291 63.7099990844727 65.6399993896484 67.1900024414062 68.620002746582 69.8399963378906 70 70.0999984741211 69.75
57.0999984741211 57.0999984741211 57.0999984741211 57.5 58 57.3800010681152 57 57 57.0999984741211 57.5 58 58.5400009155273 59.5699996948242 60.5999984741211 61.5400009155273 62.5299987792969 63.5299987792969 64.2300033569336 64.6900024414062 65.3899993896484 65.2799987792969 65.0999984741211 64.7600021362305 64.2799987792969 64.0999984741211 64.0999984741211 64.0999984741211 64.0199966430664 63.6800003051758 63.0999984741211 63.0999984741211 62.9700012207031 62.5900001525879 61.7299995422363 61.0999984741211 61.0999984741211 61.0999984741211 61.5 62 62.2299995422363 62.2700004577637 61.8600006103516 61.0200004577637 61.4000015258789 62 62.2599983215332 63.25 64.7099990844727 66.6800003051758 68.2099990844727 69.3199996948242 70 70 69.6800003051758 68.8000030517578
56.0200004577637 56.0999984741211 56.4900016784668 57 57.0999984741211 57.0200004577637 57 57 57 57 57.5 58 58.8699989318848 60.2799987792969 60.9199981689453 61.5299987792969 62.4799995422363 63.0200004577637 63.4799995422363 64.0199966430664 64.0999984741211 64.0999984741211 64.0199966430664 63.6800003051758 63.5 63.6800003051758 63.0999984741211 63.0999984741211 63.0200004577637 62.6800003051758 62.0999984741211 61.7599983215332 61.2799987792969 60.7400016784668 60.0999984741211 60.0999984741211 60.5 61 61.0999984741211 61.560001373291 62 62 61.9000015258789 61.6399993896484 61.6199989318848 62.3400001525879 63.6500015258789 65.6600036621094 67.3099975585938 68.4000015258789 69.3399963378906 70 69.6699981689453 69.0199966430664 68.5400009155273
54.5200004577637 55.0200004577637 55.4799995422363 56.0200004577637 56.0999984741211 56.0999984741211 56.0999984741211 56.0999984741211 56.0999984741211 56.4900016784668 57 57.4900016784668 58.3499984741211 59.1399993896484 59.5999984741211 60.4799995422363 61.1500015258789 61.5499992370605 62.1500015258789 62.5999984741211 63.0999984741211 63.0999984741211 63.0999984741211 63.0200004577637 63 63.0200004577637 62.6800003051758 62.0999984741211 62.0999984741211 62.0200004577637 61.6800003051758 61.0200004577637 60.6800003051758 60.0200004577637 60 60 60 60.6199989318848 61 61.4599990844727 62 62 62 62 61.9799995422363 62 63.2700004577637 65.7799987792969 67.3300018310547 68.2799987792969 68.9199981689453 69.0500030517578 68.6500015258789 68.0999984741211 68.0199966430664
52.6500015258789 53.4900016784668 54.0299987792969 54.4300003051758 54.9000015258789 55.0200004577637 55.0999984741211 55.0999984741211 55.0999984741211 55.5400009155273 56.0999984741211 56.5299987792969 57.2299995422363 57.5999984741211 58.4799995422363 59.1500015258789 59.5999984741211 60.2299995422363 60.5999984741211 61.4799995422363 62.0200004577637 62.0999984741211 62.0999984741211 62.0999984741211 62.5 62.6800003051758 62.0200004577637 62 62 61.6800003051758 61.0200004577637 60.6800003051758 60.0200004577637 60 60 60.2599983215332 60.9000015258789 60.9799995422363 61.3499984741211 62.0900001525879 62.4300003051758 62.9000015258789 62.9000015258789 62.439998626709 62 62 62.9500007629395 64.9199981689453 66.5199966430664 67.2300033569336 67.5500030517578 67.6500015258789 67.2099990844727 67.0999984741211 66.7300033569336
51.1199989318848 51.310001373291 51.4300003051758 51.8300018310547 52.7400016784668 53.5999984741211 54.0999984741211 54.5 55 55 55.0999984741211 55.5400009155273 56.0999984741211 56.5299987792969 57.2299995422363 57.5999984741211 58.4799995422363 59.0200004577637 59.4799995422363 60.1500015258789 60.5999984741211 61.0999984741211 61.0999984741211 61.5 62 62.0200004577637 62 62 61.7999992370605 61.0200004577637 60.7999992370605 60.0200004577637 60 60 60 60.4599990844727 61.2599983215332 61.9199981689453 62.4099998474121 63.7200012207031 64.4499969482422 64.0999984741211 63.5699996948242 62.689998626709 62 62.3499984741211 63.4099998474121 64.5299987792969 65.5299987792969 66.0999984741211 66.2300033569336 66.0100021362305 65.7399978637695 66.0999984741211 62.8600006103516
49.3899993896484 49.3499984741211 49.5299987792969 50.1199989318848 50.939998626709 52.4599990844727 53.4900016784668 54 54.0999984741211 54.0999984741211 54.5 55 55.0999984741211 55.4799995422363 56.0200004577637 56.5299987792969 57.2299995422363 57.5499992370605 58.1500015258789 58.5999984741211 59.5299987792969 60.0999984741211 60.4900016784668 61 61.0999984741211 61.0999984741211 61.0999984741211 61.6199989318848 62 61.5 61 60.5 60 60.3499984741211 60.9000015258789 61.0299987792969 61.560001373291 62.7900009155273 64.5599975585938 66.5 67.25 66.2600021362305 64.9899978637695 63.5200004577637 62.9000015258789 63.310001373291 64.3099975585938 64.9800033569336 65 65.620002746582 66 66 65.9800033569336 65.7399978637695 64.390625
48.0499992370605 47.6699981689453 47.6399993896484 48.2400016784668 49.0900001525879 51.0400009155273 52.5900001525879 53.0999984741211 53.5 54 54 54.0999984741211 54.0999984741211 54.2299995422363 54.6100006103516 55.4799995422363 56.0200004577637 56.2299995422363 56.5999984741211 57.5299987792969 58.5299987792969 59.0999984741211 59.5999984741211 60.560001373291 61 61.2599983215332 61.9000015258789 61.9799995422363 62 62 61.560001373291 61.2000007629395 61.0999984741211 61.3800010681152 61.9000015258789 62.2700004577637 63.1300010681152 64.5400009155273 66.9000015258789 69.3199996948242 69.7799987792969 68.0199966430664 66.1500015258789 64.5199966430664 63.9000015258789 64.3099975585938 65.3099975585938 65.9000015258789 65.9000015258789 65.9800033569336 66 65.6699981689453 64.6600036621094 64.34375 65
46.75 46.2299995422363 45.75 46.0400009155273 47.810001373291 50.2700004577637 52.3400001525879 53 53 53.5 54 54 53.6800003051758 53.5 54 54.2299995422363 54.5499992370605 55.0200004577637 55.4799995422363 56.4700012207031 57.5299987792969 58.4900016784668 59.3699989318848 60.3400001525879 61 61.4000015258789 62 62 62.3499984741211 62.9000015258789 62.7700004577637 62.7000007629395 62.7000007629395 62.7299995422363 62.9000015258789 63.3199996948242 64.379997253418 66.129997253418 68.6699981689453 70.4599990844727 70.6500015258789 69.4800033569336 67.6100006103516 65.5599975585938 64.9499969482422 65.379997253418 66.379997253418 67.0899963378906 66.5999984741211 66.0500030517578 65.8000030517578 64.8300018310547 60.2999992370605 54.2000007629395 -3.4e+38
45.7299995422363 44.7599983215332 43.9300003051758 43.7999992370605 46.0999984741211 49.7799987792969 52 52.6199989318848 53 53 53.0999984741211 53.0999984741211 53.0200004577637 53 53.0999984741211 53.0999984741211 53.2299995422363 53.5499992370605 54.1500015258789 54.9799995422363 56.4599990844727 57.5299987792969 58.8800010681152 60 60.6199989318848 61.4000015258789 62 62.3499984741211 63.310001373291 63.9500007629395 64.0899963378906 64.0999984741211 63.9799995422363 63.9000015258789 63.9500007629395 64.7099990844727 66.1399993896484 68 70.5999984741211 71.7900009155273 71.7699966430664 71.0500030517578 69.1999969482422 67.1500015258789 66.4499969482422 67.2099990844727 68.129997253418 68.6900024414062 68.370002746582 67.1900024414062 66.0999984741211 64.6900024414062 62.453125 52.1666679382324 -3.4e+38
44.8600006103516 44.0200004577637 43.3800010681152 43.060001373291 46.3300018310547 50.9799995422363 52.8800010681152 52.9799995422363 53 53 53 52.6800003051758 52.0999984741211 52.0999984741211 52.0999984741211 52.0999984741211 52.0999984741211 52.2299995422363 52.5999984741211 53.5900001525879 55.0099983215332 56.560001373291 58.2700004577637 60.2299995422363 60.9799995422363 61.4300003051758 62.3499984741211 63.310001373291 64.3199996948242 65.3399963378906 65.879997253418 65.7799987792969 65.4199981689453 64.9000015258789 65.2699966430664 66.1999969482422 67.7200012207031 69.9499969482422 72.379997253418 73.3199996948242 72.9000015258789 72.7099990844727 71.7699966430664 69.8399963378906 69.0599975585938 69.3600006103516 69.370002746582 69.9000015258789 69.9599990844727 69.3899993896484 67.0599975585938 61.0499992370605 54.8499984741211 -3.4e+38 -3.4e+38
45 44.3800010681152 43.9099998474121 43.9000015258789 47.1199989318848 52.1599998474121 53 53 53 53 52.7999992370605 52.0200004577637 52 51.6800003051758 51.0999984741211 51.0999984741211 51.0999984741211 51.0999984741211 51.5299987792969 52.5299987792969 53.9099998474121 55.8400001525879 57.810001373291 59.8400001525879 61 61.6399993896484 63.1800003051758 64.25 65.6500015258789 67.1399993896484 67.879997253418 67.5299987792969 66.5800018310547 66.0999984741211 66.379997253418 67.6500015258789 69.5 71.2300033569336 72.5599975585938 73.5 73.9000015258789 73.9000015258789 73.4599990844727 72.3600006103516 71.7600021362305 71 69.5400009155273 68.9400024414062 68.1500015258789 67.2600021362305 66.375 60.2000007629395 53 -3.4e+38 -3.4e+38
44.0999984741211 44.0699996948242 44.4099998474121 45.3499984741211 48.189998626709 52.4099998474121 53.8899993896484 53.5 53 53 53 52.3800010681152 51.7400016784668 51.0200004577637 51 50.6800003051758 50.0999984741211 50.0999984741211 50.5299987792969 51.5299987792969 52.8800010681152 54.8199996948242 56.8499984741211 58.9000015258789 60.5200004577637 61.4700012207031 62.9700012207031 64.7600021362305 66.6600036621094 68.5999984741211 69.9599990844727 69.8099975585938 68.4199981689453 67.9000015258789 67.9300003051758 68.8199996948242 70.4000015258789 71.7600021362305 73.2399978637695 74.2799987792969 74.9000015258789 74.9000015258789 74.8199996948242 74.3399963378906 73.5999984741211 69.2600021362305 62.4199981689453 61.560001373291 61.84375 66.5999984741211 66 -3.4e+38 -3.4e+38 -3.4e+38 -3.4e+38
44.2599983215332 45.1800003051758 45.7200012207031 47.4599990844727 51.5299987792969 54.2200012207031 54 54 53.439998626709 53 52.7400016784668 52.0200004577637 51.5999984741211 51 50.6800003051758 50.0200004577637 49.6699981689453 49.0999984741211 49.5299987792969 50.5299987792969 51.5900001525879 53.0800018310547 55.3899993896484 57.8499984741211 59.8400001525879 61.3699989318848 63.0800018310547 65.2799987792969 66.9000015258789 68.9000015258789 70.4000015258789 70.9100036621094 70.6399993896484 70.3499984741211 70.2900009155273 70.9100036621094 71.4100036621094 72.4700012207031 73.6999969482422 74.9700012207031 74.879997253418 74.9000015258789 75.5999984741211 72.3199996948242 66.640625 68.8000030517578 60.5999984741211 60 60 -3.4e+38 -3.4e+38 -3.4e+38 -3.4e+38 -3.4e+38 -3.4e+38
44.4000015258789 45.4000015258789 46.310001373291 49.8800010681152 54.4599990844727 55 54.439998626709 54 53.5400009155273 53 52.5400009155273 52 51.5999984741211 50.7400016784668 50.0200004577637 49.6699981689453 48.7400016784668 48.0999984741211 48.5400009155273 49.4799995422363 50.4700012207031 51.9099998474121 53.9599990844727 56.4199981689453 58.9000015258789 60.8400001525879 62.8400001525879 64.9599990844727 66.9000015258789 68.9000015258789 70.4300003051758 71.3600006103516 72.3399963378906 73.0800018310547 73.870002746582 74.0899963378906 73.5599975585938 73.7200012207031 73.9899978637695 74.2399978637695 70.9899978637695 66.2300033569336 66.875 71.8000030517578 64 -3.4e+38 -3.4e+38 -3.4e+38 -3.4e+38 -3.4e+38 -3.4e+38 -3.4e+38 -3.4e+38 -3.4e+38 -3.4e+38
