pkg/rmaxent/inst/layers/cld6190_ann.asc
NCOLS 122 
NROWS 160 
XLLCORNER -94.8 
YLLCORNER -56.45 
CELLSIZE 0.5 
NODATA_value -3.4e+38 
[rows 48 to 71 of 160, columns 55 to 109 of 122]
74.9000015258789 74.9300003051758 75.3899993896484 76.3300018310547 77.129997253418 77.7200012207031 78.2699966430664 78.7699966430664 78.9599990844727 78.9000015258789 78.4000015258789 77.4899978637695 76.9700012207031 76.9000015258789 76.7900009155273 76.370002746582 76.0999984741211 76.0999984741211 75.9800033569336 75.9000015258789 75.9000015258789 75.9800033569336 76 76 76 75.5999984741211 75 75.3199996948242 75.9000015258789 75.9000015258789 75.9000015258789 75.7699966430664 75.3899993896484 74.9000015258789 74.5 74 73.9000015258789 69.5699996948242 67.6979141235352 74.9222259521484 69.1444473266602 60.5740737915039 -3.4e+38 -3.4e+38 -3.4e+38 -3.4e+38 -3.4e+38 -3.4e+38 -3.4e+38 -3.4e+38 -3.4e+38 -3.4e+38 -3.4e+38 -3.4e+38 -3.4e+38
76.6999969482422 76.75 77.1999969482422 77.7699966430664 78.370002746582 78.9000015258789 79.3099975585938 80.2399978637695 80.6900024414062 80.6999969482422 80.3000030517578 79.3600006103516 78.7799987792969 78.6999969482422 78.6999969482422 78.3600006103516 77.9000015258789 77.7799987792969 77.4499969482422 76.9499969482422 76.9000015258789 76.4400024414062 76 76 76 75.5400009155273 75.2600021362305 75.9800033569336 76.3199996948242 76.9199981689453 76.9700012207031 76.5599975585938 76.0800018310547 75.5599975585938 75.0800018310547 74.9000015258789 74.9000015258789 73.9400024414062 73.629997253418 75.2600021362305 74.3399963378906 73.2083358764648 74.6666641235352 67.4111099243164 57.6851844787598 -3.4e+38 -3.4e+38 -3.4e+38 -3.4e+38 -3.4e+38 -3.4e+38 -3.4e+38 -3.4e+38 -3.4e+38 -3.4e+38
78.0999984741211 78.3399963378906 78.7200012207031 79.2399978637695 79.7200012207031 79.9000015258789 80.2799987792969 80.9800033569336 81 81 81 80.7699966430664 80.4400024414062 79.9800033569336 79.9000015258789 79.7699966430664 79.6999969482422 79.4199981689453 78.7699966430664 78.0199966430664 77 76.5999984741211 76 76 75.2699966430664 74.3199996948242 75.4000015258789 76.2600021362305 77 77.7399978637695 78.4300003051758 77.8499984741211 77.4499969482422 76.8499984741211 76.4199981689453 75.9000015258789 75.9000015258789 75.9000015258789 75.5 75.4599990844727 75.6600036621094 75 75 73.1999969482422 71.6979141235352 72.7222213745117 -3.4e+38 -3.4e+38 -3.4e+38 -3.4e+38 -3.4e+38 -3.4e+38 -3.4e+38 -3.4e+38 -3.4e+38
79.6999969482422 79.7300033569336 79.9000015258789 79.9800033569336 80 80.3499984741211 80.9800033569336 81 81 81 81.3199996948242 81.5 81.2699966430664 81.379997253418 80.9000015258789 80.9000015258789 80.9000015258789 80.5400009155273 79.5699996948242 78.620002746582 77.4800033569336 76.6600036621094 76 76 71.0899963378906 68.5299987792969 75.4499969482422 76.4899978637695 77.6900024414062 78.8399963378906 79.3000030517578 79.4400024414062 78.8499984741211 78.4199981689453 77.5100021362305 76.9000015258789 76.5 76 76 75.9800033569336 76 75.4400024414062 75 74.5400009155273 74 67.0416641235352 55.6666679382324 54.3611106872559 54.3333320617676 -3.4e+38 -3.4e+38 -3.4e+38 -3.4e+38 -3.4e+38 -3.4e+38
80.5 80 80.0500030517578 80.4100036621094 80.9000015258789 81.2799987792969 81.9000015258789 81.9000015258789 81.9000015258789 81.9000015258789 81.9800033569336 82 81.9800033569336 82 81.9000015258789 81.9000015258789 81.9000015258789 81.7699966430664 80.9899978637695 79.4599990844727 78.129997253418 77 76.5 76 74.6600036621094 73.9000015258789 76.2900009155273 77.3099975585938 78.4100036621094 79.3499984741211 80.2799987792969 80.7699966430664 80.4199981689453 79.5100021362305 78.5100021362305 77.5299987792969 77 76.5299987792969 76 76 76 75.5999984741211 74.7399978637695 74.0199966430664 73.6800003051758 71.1100006103516 68.71875 67.9255294799805 66.375 67.1333312988281 60.0444450378418 51.7999992370605 52.7222213745117 53.7222213745117 54.3333320617676
81 80.9000015258789 81.2399978637695 81.7200012207031 81.9000015258789 81.9800033569336 82 82 82 82 82 82 82 82 82.2600021362305 82.9000015258789 82.9000015258789 82.9000015258789 81.9499969482422 80.1399993896484 78.620002746582 77.5400009155273 77 76.9000015258789 76.7699966430664 76.7300033569336 77.2799987792969 78.25 79.3099975585938 80.2799987792969 80.9800033569336 81.3199996948242 81.4199981689453 80.4199981689453 79.4199981689453 78.4199981689453 77.9000015258789 77.3600006103516 76.4400024414062 76 76 75.5999984741211 74.5999984741211 73.7399978637695 73.0199966430664 72.1800003051758 70.2399978637695 68.6900024414062 67.7399978637695 66.6800003051758 64.5999984741211 62.7799987792969 63.7700004577637 64.7699966430664 65.3000030517578
81.9000015258789 81.9000015258789 81.9800033569336 82 82 82 82 82 82 82 82 82 82.2600021362305 82.5 82.4599990844727 83 83 82.6800003051758 81.6800003051758 80.5299987792969 79.4300003051758 78.4800033569336 77.5299987792969 77 77 77.3499984741211 77.9800033569336 78.7600021362305 80.2099990844727 80.9800033569336 81.2600021362305 81.9800033569336 81.5999984741211 80.5999984741211 79.5999984741211 78.5999984741211 77.7399978637695 77.0199966430664 76.5999984741211 76 76 75.5299987792969 74.5299987792969 73.5299987792969 72.6699981689453 71.3099975585938 69.6600036621094 68.5299987792969 67.5299987792969 66.5400009155273 66 66.2200012207031 67.2200012207031 68.1600036621094 68.9000015258789
82 82 82 82 82 82 82 82 82 82 82 82 82.3399963378906 83 82.9800033569336 83 82.6800003051758 82.0199966430664 81.5999984741211 80.5999984741211 79.6600036621094 79 78.4800033569336 77.9000015258789 77.9000015258789 78.2799987792969 78.9000015258789 79.4100036621094 80.4599990844727 81 81.4599990844727 82 81.6600036621094 80.6900024414062 79.6900024414062 78.6900024414062 77.6900024414062 77 76.5999984741211 75.7399978637695 75.0999984741211 74.8000030517578 73.8000030517578 72.8000030517578 71.7699966430664 70.6100006103516 69.2399978637695 67.7799987792969 66.7399978637695 66.0199966430664 66 66.4000015258789 67.3399963378906 68 68.4400024414062
82 82 82 82 82 82 82 82 82 82 82 82 82 82.0999984741211 82.0999984741211 82.0999984741211 82.0199966430664 82 81.5400009155273 80.5999984741211 80 79.5 79 78.9000015258789 78.9000015258789 78.9800033569336 79.3499984741211 80.2799987792969 80.9800033569336 81.3199996948242 81.9800033569336 82 82 81.3499984741211 80.3600006103516 79.4199981689453 78.4199981689453 77.4400024414062 76.5999984741211 75.5999984741211 75 74.5400009155273 73.5999984741211 72.5999984741211 71.3399963378906 69.8099975585938 68.6800003051758 67.3399963378906 66.0299987792969 66 66 66.3300018310547 67 67.0999984741211 67.2300033569336
82 82 82 82 82 82 82 82 82 82 82 82 82 82 82 82 82 81.6800003051758 81.0199966430664 80.5999984741211 80 80 79.5 79 79 79.3199996948242 80.2200012207031 80.9800033569336 81.2600021362305 81.9800033569336 82 82 81.7399978637695 80.8000030517578 80.0199966430664 79.5299987792969 78.5299987792969 77.5299987792969 76.5299987792969 75.5299987792969 74.6800003051758 74.0199966430664 73.5299987792969 72.5299987792969 71.1999969482422 69.5699996948242 68.5299987792969 67.1999969482422 65.7399978637695 65.0999984741211 65.0999984741211 65.5999984741211 66.0999984741211 66.0999984741211 66.0500030517578
82 82 82 82 82 82 82 82 82 82 82 82 82 81.6800003051758 81.5 81.6800003051758 81.0999984741211 81.0199966430664 81 80.5400009155273 80 80 80 79.9000015258789 79.9000015258789 79.9800033569336 80.4000015258789 81 81.4000015258789 82 82 82 81.5999984741211 80.5999984741211 79.7399978637695 78.8000030517578 77.7699966430664 76.7300033569336 75.7399978637695 74.8000030517578 74.0199966430664 73.6699981689453 72.7300033569336 71.7300033569336 70.6100006103516 69.2399978637695 67.8099975585938 66.6800003051758 65.5999984741211 65 65 65.2799987792969 65.5899963378906 65.0999984741211 64.7200012207031
82 82 82 82 82 82 82 82 81.6800003051758 81.5 82 81.6800003051758 81.0999984741211 81.0199966430664 81 81.0199966430664 81 81 80.6800003051758 80.0199966430664 80 80 80 80 80 80 80.4000015258789 81 81.4000015258789 82 82 82 81.5299987792969 80.5299987792969 79.5299987792969 78.5299987792969 77.2399978637695 75.8099975585938 75.0199966430664 74.5299987792969 73.6699981689453 72.7300033569336 71.7300033569336 70.7300033569336 69.7300033569336 68.6100006103516 67.5299987792969 66.5299987792969 65.5299987792969 64.9499969482422 64.5899963378906 64.2300033569336 64.5899963378906 64.6699981689453 63.3699989318848
82 82 82 82 82 81.6800003051758 81.0999984741211 81.0999984741211 81.0199966430664 81 81.0999984741211 81.0199966430664 81 81 81 81 81 80.6800003051758 80.0199966430664 80 80 80 80 80 80 80 80.3399963378906 81 81.3399963378906 82 82 81.6699981689453 80.7300033569336 79.7300033569336 78.7300033569336 77.7300033569336 76.6100006103516 75.5299987792969 74.6399993896484 73.6399993896484 72.6500015258789 71.7300033569336 70.7300033569336 69.7300033569336 68.7300033569336 67.6999969482422 66.6500015258789 65.7300033569336 64.7300033569336 63.75 63.2799987792969 63.0999984741211 63.4799995422363 63.6500015258789 62.6800003051758
81.6800003051758 81.5 82 81.6800003051758 81.0999984741211 81.0199966430664 81 81 81 81 81 81 81 80.6800003051758 80.0999984741211 80.0999984741211 80.0999984741211 80.0199966430664 80 80 80 80 80 80 80 80 80 80.5 81 81.0999984741211 81.0500030517578 80.6500015258789 79.7300033569336 78.7300033569336 77.7300033569336 76.7300033569336 75.7300033569336 74.7300033569336 73.3499984741211 71.8899993896484 71.2799987792969 70.7300033569336 69.6999969482422 68.6399993896484 67.6500015258789 66.370002746582 65.2799987792969 64.7300033569336 63.7299995422363 62.7299995422363 62.0999984741211 62.0999984741211 62.2299995422363 62.5999984741211 62.5299987792969
81.0199966430664 81 81.0999984741211 81.0199966430664 81 80.6800003051758 80.0999984741211 80.0999984741211 80.0999984741211 80.0999984741211 80.0999984741211 80.0999984741211 80.0999984741211 80.0199966430664 80 80 79.6800003051758 79.0999984741211 79.0999984741211 79.5 79.6800003051758 79.0999984741211 79.0999984741211 79.0999984741211 79.0999984741211 79.0999984741211 79.5 80 80.0999984741211 80.0999984741211 79.75 79.2300033569336 78.6500015258789 77.7300033569336 76.7300033569336 75.6999969482422 74.6399993896484 73.6399993896484 72.2300033569336 70.75 70.0999984741211 69.7300033569336 68.3499984741211 66.9000015258789 66.2600021362305 65.5199966430664 64.5800018310547 63.6399993896484 62.6500015258789 61.7299995422363 61.0999984741211 61.0999984741211 61.4900016784668 62 61.7400016784668
81 80.6800003051758 80.0999984741211 80.0999984741211 80.0999984741211 80.0199966430664 80 80 80 80 80 79.6800003051758 79.0999984741211 79.0999984741211 79.0999984741211 79.0999984741211 79.0199966430664 79 79 79 79.0199966430664 79 79 79 79 79 79 79.0999984741211 79.0999984741211 79.0500030517578 78.6500015258789 77.75 77.2799987792969 76.6999969482422 75.6399993896484 74.2900009155273 72.8899993896484 71.8899993896484 70.8399963378906 70.0299987792969 69.6699981689453 68.7300033569336 67.2900009155273 66.0299987792969 65.2900009155273 63.8899993896484 62.8899993896484 61.9000015258789 61.2799987792969 60.7400016784668 60.5 60.6800003051758 60.5999984741211 61.0999984741211 61.0200004577637
80.0999984741211 80.0199966430664 79.9499969482422 79.5899963378906 79.0999984741211 79.0999984741211 79.0999984741211 79.0999984741211 79.0999984741211 79.0999984741211 79.0999984741211 79.0199966430664 79 79 79 78.6800003051758 78.0999984741211 78.0999984741211 78.0999984741211 78.0999984741211 78.0999984741211 78.0999984741211 78.0999984741211 78.0999984741211 78.0999984741211 78.0999984741211 78.0999984741211 78.0999984741211 78.0999984741211 77.75 77.2799987792969 76.7300033569336 76.0500030517578 75.2900009155273 73.8899993896484 72.8300018310547 71.7399978637695 70.7300033569336 69.9700012207031 69.5800018310547 68.6500015258789 67.7300033569336 66.3099975585938 65.1100006103516 64.2900009155273 62.7400016784668 61.7299995422363 61.0200004577637 60.6699981689453 60.0200004577637 60 60.0200004577637 60.4599990844727 61 61.0499992370605
79.0999984741211 79.0999984741211 78.75 78.2799987792969 78.0999984741211 78.0999984741211 78.0999984741211 78.0999984741211 78.0999984741211 78.0999984741211 78.0999984741211 78.0999984741211 78.0999984741211 78.0999984741211 78.0999984741211 78.0199966430664 78 77.6800003051758 77.0999984741211 77.0999984741211 77.0999984741211 77.5 78 78 77.6800003051758 77.0999984741211 77.0999984741211 77.0999984741211 77.0999984741211 76.7300033569336 76.0999984741211 75.7300033569336 74.75 73.8300018310547 72.7399978637695 71.7300033569336 70.7300033569336 69.7300033569336 68.75 67.9000015258789 67.2799987792969 66.7300033569336 65.6100006103516 64.6699981689453 63.2900009155273 61.75 60.7999992370605 60.0999984741211 59.7400016784668 59.0999984741211 59.560001373291 60.2900009155273 61.0299987792969 61.4500007629395 62.3699989318848
78 78 77.6500015258789 77.0999984741211 77.0999984741211 77.0999984741211 77.0999984741211 77.0999984741211 77.0999984741211 77.0999984741211 77.0999984741211 77.0999984741211 77.0999984741211 77.0999984741211 77.0999984741211 77.0999984741211 77.0999984741211 77.0199966430664 77 77 77 77 77.0999984741211 77.0999984741211 77.0199966430664 77 76.6699981689453 76.0999984741211 76.0500030517578 75.6500015258789 75.0999984741211 74.7300033569336 73.7300033569336 72.7300033569336 71.7300033569336 70.7300033569336 69.7300033569336 68.7300033569336 67.7399978637695 67.0199966430664 66.6699981689453 65.7399978637695 64.8000030517578 63.7700004577637 62.310001373291 61.0299987792969 60.5299987792969 59.6800003051758 59.0200004577637 59 59.5 60.8899993896484 62.4500007629395 63.6399993896484 64.75
76.3000030517578 76.3000030517578 76.1800003051758 76 76 76 76 76 76 76.0299987792969 76.0999984741211 76.0999984741211 76.0999984741211 76.0999984741211 76.0999984741211 76.0999984741211 76.0999984741211 76.0999984741211 76.0999984741211 76.0999984741211 76.0999984741211 76.0999984741211 76.0999984741211 76.0999984741211 76.0999984741211 76.0999984741211 75.7300033569336 75.0999984741211 74.7600021362305 74.2799987792969 74.0999984741211 73.7300033569336 72.7300033569336 71.7300033569336 70.7300033569336 69.7300033569336 68.7300033569336 67.7399978637695 67.0199966430664 66.6699981689453 65.7399978637695 65.0199966430664 64.5299987792969 63.2400016784668 61.689998626709 60.7400016784668 59.7999992370605 59.0200004577637 59 59.2900009155273 60.6500015258789 62.9000015258789 65.370002746582 66.9000015258789 67.6800003051758
74.2900009155273 74.3000030517578 74.3000030517578 74.3300018310547 74.4000015258789 74.4000015258789 74.4000015258789 74.4000015258789 74.4000015258789 74.5599975585938 74.9899978637695 75.0299987792969 75.0999984741211 75.0999984741211 75.0999984741211 75.4899978637695 75.6800003051758 75.4499969482422 75.5899963378906 75.5 76 75.6800003051758 75.0999984741211 75.0999984741211 75.0999984741211 75.0999984741211 74.7300033569336 74.0999984741211 74.0199966430664 73.6699981689453 73.0500030517578 72.6500015258789 71.7300033569336 70.7300033569336 69.7300033569336 68.7300033569336 67.7300033569336 66.9700012207031 66.5899963378906 65.7399978637695 65.0199966430664 64.7399978637695 63.7999992370605 62.6800003051758 61.5699996948242 60.5299987792969 59.5400009155273 58.7999992370605 58.6500015258789 59.7799987792969 61.7200012207031 64.5500030517578 67.5999984741211 69.1999969482422 69.879997253418
72.2799987792969 72.3300018310547 72.4000015258789 72.5599975585938 72.9899978637695 73 73 73.0299987792969 73.0999984741211 73.2300033569336 73.3899993896484 73.6100006103516 74.0999984741211 74.0999984741211 74.0999984741211 74.5299987792969 75.0199966430664 74.7300033569336 74.6100006103516 75 75.0999984741211 75.0199966430664 74.6800003051758 74.0999984741211 74.0999984741211 74.0999984741211 73.7300033569336 73.0999984741211 73.0999984741211 72.7300033569336 71.7600021362305 71.2799987792969 70.7300033569336 69.7300033569336 68.7300033569336 67.7300033569336 66.7300033569336 65.7600021362305 65.2799987792969 65.0199966430664 65 64.5999984741211 63.5999984741211 62.5999984741211 61.3400001525879 59.810001373291 59.0200004577637 59 59.3199996948242 60.7900009155273 63.1199989318848 66.4499969482422 69.6800003051758 71.2799987792969 71.8899993896484
70.2799987792969 70.5299987792969 70.9899978637695 71.129997253418 71.2900009155273 71.3300018310547 71.4000015258789 71.5599975585938 71.9899978637695 72.0299987792969 72.0999984741211 72.4800033569336 73.0199966430664 73.0999984741211 73.0999984741211 73.4800033569336 73.9899978637695 73.9499969482422 74 74.0999984741211 74.0999984741211 74.0999984741211 74.0199966430664 73.6800003051758 73.0999984741211 73.0999984741211 72.7300033569336 72.0999984741211 72.0999984741211 71.7300033569336 71.0199966430664 70.6699981689453 69.7300033569336 68.7300033569336 67.7399978637695 66.8000030517578 65.8000030517578 65.0199966430664 65 65 65 64.6600036621094 63.6300010681152 62.5999984741211 61.2999992370605 59.6599998474121 59 59.3199996948242 60.6100006103516 62.5 65 68.7200012207031 72.3499984741211 74 74.25
68.2799987792969 68.620002746582 69.2799987792969 69.3300018310547 69.4000015258789 69.5599975585938 69.9899978637695 70.129997253418 70.3199996948242 70.5599975585938 70.9899978637695 71.1600036621094 71.5500030517578 72.0199966430664 72.0999984741211 72.2300033569336 72.3899993896484 72.620002746582 73.0999984741211 73.0999984741211 73.0999984741211 73.0999984741211 73.0999984741211 73.0199966430664 72.6699981689453 72.0999984741211 71.7300033569336 71.0999984741211 71.0999984741211 70.7300033569336 70.0999984741211 69.7300033569336 68.7399978637695 67.8000030517578 67.0199966430664 66.5999984741211 65.5999984741211 64.7399978637695 64.5 65 65 65 64.0100021362305 62.5999984741211 61.3199996948242 60 59.9000015258789 59.9799995422363 60.939998626709 63.4799995422363 66.870002746582 70.4100036621094 74.0299987792969 76.129997253418 75.9800033569336
