pkg/rmaxent/inst/layers/dtr6190_ann.asc
NCOLS 122 
NROWS 160 
XLLCORNER -94.8 
YLLCORNER -56.45 
CELLSIZE 0.5 
NODATA_value -3.4e+38 
[rows 48 to 71 of 160, columns 53 to 105 of 122]
93.5299987792969 92.4899978637695 91.9000015258789 92.379997253418 93 93.5599975585938 94.3399963378906 95 95.5400009155273 96.4899978637695 96.9499969482422 96.1600036621094 94.7399978637695 93.7300033569336 92.7300033569336 91.7200012207031 90.8099975585938 89.8899993896484 88.8300018310547 87.7600021362305 87.4000015258789 87.2799987792969 87.4400024414062 87.9199981689453 88.5299987792969 89 89 88.4400024414062 88 87.4700012207031 87.1800003051758 87.2600021362305 86.7799987792969 86.5100021362305 86.3000030517578 85.9899978637695 84.7799987792969 82.5400009155273 79.4100036621094 80.8300018310547 85.34375 85.3444442749023 86.3666687011719 86.0555572509766 -3.4e+38 -3.4e+38 -3.4e+38 -3.4e+38 -3.4e+38 -3.4e+38 -3.4e+38 -3.4e+38 -3.4e+38
93.5999984741211 93 92.9000015258789 92.9800033569336 93 93.3399963378906 94 94.4400024414062 94.8899993896484 95.4499969482422 95.650001525879 94.7399978637695 93.6500015258789 92.6399993896484 91.6399993896484 90.2900009155273 89.2300033569336 88.6399993896484 87.6500015258789 86.7300033569336 86.0999984741211 86.0500030517578 86.1600036621094 86.6399993896484 87.9800033569336 89.3499984741211 89.4700012207031 88.5999984741211 88 88 88.3099975585938 89.1900024414062 89.9700012207031 90.8300018310547 92.120002746582 93.0999984741211 91.8099975585938 88.9800033569336 86.5899963378906 86.7099990844727 88.5699996948242 89.9499969482422 89.6999969482422 86.15625 81.2222213745117 80.9888916015625 84.8888854980469 -3.4e+38 -3.4e+38 -3.4e+38 -3.4e+38 -3.4e+38 -3.4e+38
93.6600036621094 93 93 93 93 93 93.0999984741211 93.2300033569336 93.3899993896484 93.6500015258789 93.7900009155273 92.8899993896484 91.879997253418 90.8899993896484 89.8600006103516 88.7399978637695 87.6800003051758 86.9000015258789 86.2799987792969 85.8000030517578 85.0999984741211 84.75 84.5599975585938 85.8000030517578 88.0899963378906 90.2399978637695 90.1800003051758 88.7300033569336 88 88.3600006103516 89.379997253418 90.7099990844727 92.120002746582 93.7300033569336 96.4199981689453 98.099998474121 97.0100021362305 94.4700012207031 92.8399963378906 92.620002746582 93.2799987792969 93.25 91.6800003051758 88.120002746582 83.3399963378906 79.2099990844727 77.0625 75.4629592895508 -3.4e+38 -3.4e+38 -3.4e+38 -3.4e+38 -3.4e+38
94 93.4400024414062 93 93 92.7399978637695 92.0999984741211 92.0999984741211 92.0999984741211 92.0999984741211 92.2300033569336 92.2699966430664 91.7200012207031 90.7300033569336 89.7300033569336 88.3499984741211 86.8899993896484 86.2300033569336 85.9499969482422 86 85.5400009155273 84.7399978637695 83.8000030517578 83.2300033569336 84.4599990844727 87.6699981689453 90.75 91.4599990844727 90.1600036621094 89.1900024414062 89.7699966430664 91.1999969482422 92.25 93.3000030517578 94.7600021362305 97.1600036621094 99.1900024414062 99.2900009155273 98.0899963378906 97.0400009155273 96.5400009155273 96.2900009155273 95.400001525879 93.629997253418 90.3199996948242 86.2200012207031 82.4100036621094 79.4300003051758 81.1875 87.1666641235352 87.3333358764648 87.3333358764648 -3.4e+38 -3.4e+38
94 93.5999984741211 93 93 92.5299987792969 91.6800003051758 91.0999984741211 91.0999984741211 91.0999984741211 91.0999984741211 91.0999984741211 90.7399978637695 89.8000030517578 88.7699966430664 87.3099975585938 85.8099975585938 84.8199996948242 84.6800003051758 85.0999984741211 85.0199966430664 84.7200012207031 83.7600021362305 82.9700012207031 83.9700012207031 87.7200012207031 91.1999969482422 93.1699981689453 93.0899963378906 92.1500015258789 92.1399993896484 93.1999969482422 93.9100036621094 94.379997253418 95.3199996948242 96.8399963378906 98.620002746582 99.5100021362305 99.7699966430664 99.3600006103516 98.7799987792969 98.3600006103516 97.400001525879 95.9499969482422 93.4499969482422 90.4100036621094 87.2699966430664 84.3099975585938 81.6600036621094 80.09375 80.5531921386719 81.7395858764648 81.5444412231445 84.8777770996094
94 93.6600036621094 93 92.7399978637695 91.8000030517578 91.0199966430664 90.7399978637695 90.0999984741211 90.0999984741211 90.0999984741211 90.0999984741211 90.0199966430664 89.5999984741211 88.3600006103516 86.7799987792969 85.6900024414062 84.7200012207031 84.5599975585938 85.3499984741211 85.9499969482422 85.9599990844727 85.4199981689453 85.1399993896484 86.4899978637695 89.0999984741211 92.1500015258789 94.3099975585938 94.9599990844727 94.7900009155273 94.7600021362305 95.2799987792969 95.8899993896484 95.9300003051758 95.7600021362305 96.4899978637695 98.7799987792969 100.300003051758 100.900001525879 100.769996643066 100.449996948242 99.9700012207031 99.4199981689453 98.4499969482422 97.2399978637695 95.2099990844727 92.3099975585938 89.6900024414062 86.75 84.3499984741211 84.870002746582 85.8499984741211 86.4800033569336 87.4700012207031
94.4400024414062 94 93.4400024414062 92.5999984741211 91.6600036621094 91 90.6600036621094 90 90 90 90 90 89.6600036621094 88.620002746582 87.5100021362305 86.5400009155273 85.9700012207031 85.9300003051758 86.4100036621094 87.3399963378906 87.879997253418 87.7900009155273 88.129997253418 89.5400009155273 91.5699996948242 93.75 95.8000030517578 97.1999969482422 97.6999969482422 97.7600021362305 98.1399993896484 98.4300003051758 98.0800018310547 97.9499969482422 98.379997253418 99.879997253418 101.349998474121 101.900001525879 101.900001525879 101.769996643066 101.75 101.779998779297 101.580001831055 101.150001525879 99.7600021362305 97.6100006103516 95.5599975585938 93.1699981689453 91.4100036621094 91.8199996948242 92.4199981689453 92.9599990844727 93.8399963378906
94.6600036621094 94 93.6600036621094 92.6900024414062 92 91.5 91 90.9000015258789 90.9000015258789 90.9000015258789 90.5 90 90 89.5100021362305 88.5400009155273 87.9700012207031 87.9000015258789 88.1399993896484 88.75 89.2099990844727 89.879997253418 90.2099990844727 91.4199981689453 92.9300003051758 94.5 96.5 98.5 100.029998779297 100.709999084473 101.129997253418 101.639999389648 102.010002136230 102.050003051758 101.910003662109 102.360000610352 102.599998474121 102.419998168945 102 102 102.349998474121 103.309997558594 104.199996948242 104.760002136230 104.680000305176 104.129997253418 102.620002746582 100.959999084473 99.7200012207031 99.2600021362305 99.8899993896484 100.349998474121 101.129997253418 102.080001831055
95 94.5 94 93.4800033569336 92.5299987792969 92 91.5599975585938 91.0800018310547 91 91 91 90.9000015258789 90.9000015258789 90.5400009155273 89.9700012207031 89.9000015258789 89.9000015258789 90.2200012207031 90.879997253418 91.2900009155273 92.1999969482422 93.0899963378906 94.1900024414062 95.6100006103516 97.5 99.5 101.459999084473 102.760002136230 103.550003051758 104.959999084473 105.599998474121 105.699996948242 105.779998779297 105.720001220703 105.779998779297 105.019996643066 103.599998474121 102.440002441406 102.190002441406 103.220001220703 104.970001220703 106.970001220703 108.110000610352 108.699996948242 108.209999084473 106.709999084473 105.059997558594 104.400001525879 104.360000610352 105.129997253418 106.230003356934 106.360000610352 106.919998168945
95.5299987792969 95 94.5299987792969 94 93.5100021362305 92.9000015258789 92.7699966430664 92.3899993896484 91.9000015258789 91.9000015258789 91.9000015258789 91.9000015258789 91.9499969482422 91.9599990844727 91.9000015258789 91.9000015258789 91.9000015258789 92.2399978637695 93.120002746582 94.0400009155273 95.0899963378906 96.0899963378906 97.129997253418 98.5400009155273 100.459999084473 102.449996948242 104.180000305176 105.519996643066 107.019996643066 108.480003356934 109.559997558594 109.940002441406 110.400001525879 110.099998474121 109.260002136230 107.870002746582 105.580001831055 103.059997558594 101.910003662109 103.440002441406 106.190002441406 109.010002136230 111.650001525879 113.360000610352 112.339996337891 109.580001831055 107.800003051758 107.580001831055 107.5 108.040000915527 109.019996643066 109.5 109.940002441406
96.4800033569336 95.900001525879 95.5100021362305 94.900001525879 94.5400009155273 93.5999984741211 93.1999969482422 93.1999969482422 93.0999984741211 93.0999984741211 93.0999984741211 93.0999984741211 93.3399963378906 93.7399978637695 93.8899993896484 93.900001525879 94.1399993896484 94.75 95.2799987792969 96.6100006103516 98.0299987792969 99.0400009155273 100.419998168945 101.930000305176 103.180000305176 104.980003356934 107.029998779297 108.470001220703 110.400001525879 112.019996643066 113.120002746582 114 114.660003662109 114.25 112.849998474121 110.639999389648 108.139999389648 105.959999084473 104.730003356934 105.599998474121 107.970001220703 110.589996337891 113.709999084473 116.790000915527 115.809997558594 112.459999084473 110.339996337891 109.489997863770 108.980003356934 109.220001220703 109.980003356934 110.260002136230 111.25
97.0800018310547 96.900001525879 96.5100021362305 95.900001525879 95.7699966430664 95.3000030517578 94.6999969482422 94.6999969482422 94.6999969482422 94.6999969482422 94.6999969482422 94.75 94.9199981689453 95.3399963378906 95.7399978637695 95.8899993896484 96.2900009155273 97.1999969482422 98.0899963378906 99.4700012207031 100.739997863770 101.610000610352 103.220001220703 104.639999389648 106.080001831055 107.580001831055 109.610000610352 111.180000305176 112.980003356934 115.370002746582 116.870002746582 117.919998168945 118.809997558594 118.529998779297 116.419998168945 114.220001220703 112.260002136230 110.150001525879 109.069999694824 108.660003662109 109.660003662109 111.559997558594 114.419998168945 117.319999694824 117.010002136230 114.830001831055 112.839996337891 111.370002746582 110.360000610352 109.550003051758 109.489997863770 110.370002746582 111.75
98.4199981689453 97.900001525879 97.5100021362305 96.900001525879 96.5299987792969 96 95.900001525879 95.900001525879 95.900001525879 95.9499969482422 96.0899963378906 96.3399963378906 96.7399978637695 96.9199981689453 97.370002746582 98.120002746582 99.0400009155273 100.040000915527 101.010002136230 102.110000610352 103.150001525879 104.540000915527 106.470001220703 107.980003356934 109.120002746582 110.540000915527 112.5 114.080001831055 115.540000915527 117.599998474121 119.529998779297 121 121.75 121.330001831055 119.769996643066 117.849998474121 115.910003662109 114.180000305176 112.839996337891 111.739997863770 111.360000610352 111.410003662109 113.709999084473 116.510002136230 116.620002746582 115.529998779297 114.349998474121 112.970001220703 111.160003662109 109.379997253418 108.669998168945 109.970001220703 112.080001831055
99.5100021362305 98.900001525879 98.5100021362305 97.900001525879 97.4800033569336 96.900001525879 96.900001525879 96.900001525879 96.900001525879 97.2699966430664 97.6900024414062 97.7799987792969 98.3399963378906 99.120002746582 99.75 100.209999084473 101.529998779297 102.739997863770 103.279998779297 104.279998779297 105.610000610352 107.790000915527 109.940002441406 111.129997253418 112.419998168945 113.900001525879 115.419998168945 117 118.110000610352 119.580001831055 121.519996643066 123.129997253418 123.690002441406 123.330001831055 122.300003051758 121.129997253418 119.669998168945 117.839996337891 116.260002136230 114.819999694824 112.760002136230 111.209999084473 112.889999389648 115.620002746582 116.019996643066 115.720001220703 114.760002136230 113.690002441406 112.180000305176 110.180000305176 109.069999694824 109.830001831055 111.639999389648
100.550003051758 99.900001525879 99.4800033569336 98.5599975585938 98.0800018310547 97.900001525879 97.9499969482422 97.9700012207031 97.9499969482422 98.370002746582 98.9499969482422 99.3399963378906 100.199996948242 101.199996948242 101.879997253418 102.290000915527 103.639999389648 105.120002746582 106.010002136230 107.040000915527 108.470001220703 110.489997863770 112.849998474121 114.540000915527 115.269996643066 116.330001831055 117.639999389648 119.199996948242 120.199996948242 121.260002136230 122.730003356934 124.209999084473 124.900001525879 124.510002136230 123.819999694824 123.389999389648 122.360000610352 121.239997863770 119.849998474121 117.550003051758 114.949996948242 113.410003662109 113.879997253418 115.900001525879 117.080001831055 116.970001220703 116.400001525879 115.400001525879 114 112 110.410003662109 109.720001220703 109.029998779297
101.970001220703 100.569999694824 100.080001831055 99.7699966430664 99.4499969482422 99.099998474121 99.3399963378906 99.4400024414062 99.3399963378906 99.7699966430664 100.330001831055 101.139999389648 102.199996948242 103.199996948242 104.120002746582 105.010002136230 106.110000610352 107.230003356934 108.279998779297 109.569999694824 111.099998474121 112.599998474121 114.970001220703 117.360000610352 118.779998779297 119.529998779297 120.139999389648 121.199996948242 122.190002441406 123.129997253418 123.839996337891 124.489997863770 125.349998474121 125.510002136230 125.269996643066 125.319999694824 124.589996337891 124.379997253418 123.139999389648 119.989997863770 117.339996337891 116.580001831055 116.940002441406 118.129997253418 118.879997253418 118.900001525879 118.480003356934 117.440002441406 116 114 111.730003356934 109.389999389648 107.120002746582
102.620002746582 101.779998779297 101.389999389648 100.900001525879 100.769996643066 100.699996948242 100.730003356934 100.769996643066 100.779998779297 101.339996337891 101.910003662109 102.769996643066 104.199996948242 105.230003356934 106.230003356934 107.230003356934 108.279998779297 109.569999694824 111 112.139999389648 113.319999694824 114.699996948242 116.669998168945 118.760002136230 120.639999389648 122.050003051758 122.610000610352 123.190002441406 123.720001220703 124.309997558594 124.949996948242 125.360000610352 126.160003662109 126.419998168945 126.220001220703 126.349998474121 125.370002746582 124.669998168945 123.540000915527 121.529998779297 119.330001831055 118.75 119.540000915527 120.739997863770 121.129997253418 121.690002441406 121.319999694824 120 118.099998474121 116.080001831055 113.589996337891 110.230003356934 106.800003051758
103.510002136230 102.529998779297 102 101.900001525879 101.900001525879 101.900001525879 101.900001525879 101.949996948242 102.339996337891 103.190002441406 104.059997558594 105.110000610352 106.199996948242 107.529998779297 108.739997863770 109.569999694824 111.029998779297 112.190002441406 113.279998779297 114.569999694824 116.370002746582 117.639999389648 118.639999389648 120.260002136230 121.760002136230 123.309997558594 124.330001831055 124.769996643066 125.089996337891 125.379997253418 126.180000305176 126.269996643066 126 126.360000610352 126.510002136230 125.730003356934 124.730003356934 123.739997863770 122.800003051758 121.610000610352 120.489997863770 120.269996643066 121.519996643066 122.800003051758 123.290000915527 124.239997863770 124.680000305176 123.470001220703 121.300003051758 119.019996643066 115.339996337891 111.080001831055 106.959999084473
104.519996643066 103.510002136230 102.900001525879 102.900001525879 102.900001525879 102.900001525879 102.949996948242 103.339996337891 104.199996948242 104.910003662109 105.739997863770 107.199996948242 108.199996948242 109.599998474121 111.120002746582 112.110000610352 113.529998779297 115 116.040000915527 117.139999389648 118.599998474121 120.150001525879 121.190002441406 122.279998779297 123.290000915527 124.669998168945 125.720001220703 126.269996643066 126.690002441406 126.730003356934 126.639999389648 126.019996643066 126 126 125.800003051758 124.800003051758 123.800003051758 123.019996643066 122.5 121.449996948242 121 121.220001220703 122.680000305176 124.569999694824 126.050003051758 127.540000915527 128.600006103516 127.760002136230 125.430000305176 122.209999084473 117.819999694824 112.879997253418 108.349998474121
105.559997558594 104.510002136230 103.900001525879 103.900001525879 103.900001525879 103.900001525879 104.279998779297 105.230003356934 106.279998779297 106.889999389648 107.650001525879 109.199996948242 110.199996948242 111.580001831055 113.139999389648 114.199996948242 115.599998474121 117.199996948242 118.510002136230 119.660003662109 120.639999389648 122.529998779297 124 125.010002136230 125.629997253418 125.889999389648 126.419998168945 127.360000610352 127.900001525879 127.440002441406 127 126.5 126 126 125.529998779297 124.529998779297 123.529998779297 122.669998168945 121.370002746582 120.279998779297 120.529998779297 121.430000305176 123.160003662109 125.959999084473 128.720001220703 131.190002441406 132.580001831055 132.279998779297 130.259994506836 126.449996948242 121.190002441406 115.720001220703 110.739997863770
106.989997863770 105.519996643066 104.529998779297 104 104.319999694824 104.900001525879 105.629997253418 107.419998168945 108.940002441406 109.690002441406 110.120002746582 111.190002441406 112.129997253418 113.199996948242 114.720001220703 116.199996948242 117.599998474121 119.230003356934 120.290000915527 121.629997253418 123.099998474121 124.580001831055 126.169998168945 127.230003356934 127.470001220703 127.339996337891 128.100006103516 128.330001831055 128 127.540000915527 127 127 126.379997253418 125.739997863770 124.800003051758 123.800003051758 122.800003051758 121.800003051758 120.680000305176 119.800003051758 119.989997863770 121.739997863770 123.730003356934 126.199996948242 129.559997558594 132.979995727539 136.039993286133 137.600006103516 134.839996337891 129.639999389648 124.209999084473 118.639999389648 113.300003051758
108.059997558594 106.400001525879 105.360000610352 104.900001525879 104.980003356934 105.260002136230 106.319999694824 108.080001831055 110.449996948242 111.639999389648 112.080001831055 112.830001831055 113.459999084473 114.769996643066 116.599998474121 118.199996948242 119.599998474121 121.529998779297 122.739997863770 123.589996337891 125.139999389648 126.260002136230 128.009994506836 129.600006103516 129.350006103516 128.729995727539 128.979995727539 128.630004882812 127.739997863770 127.019996643066 127 126.680000305176 126.019996643066 125.599998474121 124.569999694824 123.529998779297 122.529998779297 121.540000915527 120.599998474121 120 120.379997253418 121.779998779297 123.680000305176 125.970001220703 129.360000610352 133.380004882812 137.320007324219 139.229995727539 136.669998168945 131.649993896484 126.279998779297 120.680000305176 115.279998779297
108.120002746582 106.239997863770 105.029998779297 105 105 105.400001525879 106.400001525879 107.930000305176 109.680000305176 111.099998474121 112.739997863770 114.510002136230 115.870002746582 117.050003051758 118.580001831055 120.129997253418 121.519996643066 123.5 124.690002441406 125.199996948242 126.639999389648 128.130004882812 129.589996337891 131.259994506836 130.979995727539 129.910003662109 129.899993896484 129.110000610352 127.599998474121 127 126.739997863770 126.019996643066 126 125.529998779297 124.239997863770 122.809997558594 121.800003051758 121.019996643066 120.599998474121 120.260002136230 120.980003356934 121.089996337891 121.690002441406 123.449996948242 126.860000610352 131.529998779297 136.160003662109 137.710006713867 135.800003051758 131.839996337891 126.800003051758 121.339996337891 115.599998474121
106.739997863770 105.529998779297 104.930000305176 105 105 105.430000305176 106.489997863770 107.940002441406 109.779998779297 111.400001525879 112.940002441406 114.919998168945 116.75 118.639999389648 120.199996948242 121.370002746582 122.790000915527 124.459999084473 125.349998474121 126.309997558594 127.690002441406 129.210006713867 130.669998168945 132.149993896484 131.949996948242 130.910003662109 130.410003662109 129.199996948242 127.599998474121 127 126.540000915527 126 125.680000305176 124.800003051758 123.650001525879 122.540000915527 121.660003662109 121 120.599998474121 120.339996337891 121 120.610000610352 119.309997558594 119.629997253418 123.260002136230 128.300003051758 132.899993896484 134.809997558594 133.419998168945 130.160003662109 125.279998779297 120.160003662109 114.970001220703
