pkg/rmaxent/inst/layers/dtr6190_ann.asc
NCOLS 122 
NROWS 160 
XLLCORNER -94.8 
YLLCORNER -56.45 
CELLSIZE 0.5 
NODATA_value -3.4e+38 
[rows 24 to 47 of 160, columns 53 to 105 of 122]
-3.4e+38 -3.4e+38 -3.4e+38 81 81 -3.4e+38 -3.4e+38 -3.4e+38 90.2777786254883 90.3333358764648 -3.4e+38 -3.4e+38 -3.4e+38 -3.4e+38 82.0277786254883 82 -3.4e+38 -3.4e+38 -3.4e+38 -3.4e+38 -3.4e+38 -3.4e+38 -3.4e+38 -3.4e+38 -3.4e+38 -3.4e+38 -3.4e+38 -3.4e+38 -3.4e+38 -3.4e+38 -3.4e+38 -3.4e+38 -3.4e+38 -3.4e+38 -3.4e+38 -3.4e+38 -3.4e+38 -3.4e+38 -3.4e+38 -3.4e+38 -3.4e+38 -3.4e+38 -3.4e+38 -3.4e+38 -3.4e+38 -3.4e+38 -3.4e+38 -3.4e+38 -3.4e+38 -3.4e+38 -3.4e+38 -3.4e+38 -3.4e+38
94.9777755737305 88.3888854980469 91.7333297729492 93.6444473266602 90 -3.4e+38 -3.4e+38 93.25 94.2340393066406 94.65625 93.3111114501953 92 89.466667175293 86.8333358764648 85.7931060791016 82 -3.4e+38 -3.4e+38 -3.4e+38 -3.4e+38 -3.4e+38 -3.4e+38 -3.4e+38 -3.4e+38 -3.4e+38 -3.4e+38 -3.4e+38 -3.4e+38 -3.4e+38 -3.4e+38 -3.4e+38 -3.4e+38 -3.4e+38 -3.4e+38 -3.4e+38 -3.4e+38 -3.4e+38 -3.4e+38 -3.4e+38 -3.4e+38 -3.4e+38 -3.4e+38 -3.4e+38 -3.4e+38 -3.4e+38 -3.4e+38 -3.4e+38 -3.4e+38 -3.4e+38 -3.4e+38 -3.4e+38 -3.4e+38 -3.4e+38
113.180000305176 109.389999389648 101.430000305176 94.6800003051758 91.84375 93.7555541992188 94.8666687011719 100.861701965332 108.769996643066 106.959999084473 95.9899978637695 90.296875 89.7826080322266 88.8099975585938 87.816665649414 -3.4e+38 -3.4e+38 -3.4e+38 -3.4e+38 -3.4e+38 -3.4e+38 -3.4e+38 -3.4e+38 -3.4e+38 -3.4e+38 -3.4e+38 -3.4e+38 -3.4e+38 -3.4e+38 -3.4e+38 -3.4e+38 -3.4e+38 -3.4e+38 -3.4e+38 -3.4e+38 -3.4e+38 -3.4e+38 -3.4e+38 -3.4e+38 -3.4e+38 -3.4e+38 -3.4e+38 -3.4e+38 -3.4e+38 -3.4e+38 -3.4e+38 -3.4e+38 -3.4e+38 -3.4e+38 -3.4e+38 -3.4e+38 -3.4e+38 -3.4e+38
116.75 114.839996337891 106.589996337891 100.430000305176 98.7200012207031 100.910003662109 103.830001831055 107.610000610352 108.860000610352 103.019996643066 96.5199966430664 94.7916641235352 91.5744705200195 90.129997253418 89.7333297729492 -3.4e+38 -3.4e+38 -3.4e+38 -3.4e+38 -3.4e+38 -3.4e+38 -3.4e+38 -3.4e+38 -3.4e+38 -3.4e+38 -3.4e+38 -3.4e+38 -3.4e+38 -3.4e+38 -3.4e+38 -3.4e+38 -3.4e+38 -3.4e+38 -3.4e+38 -3.4e+38 -3.4e+38 -3.4e+38 -3.4e+38 -3.4e+38 -3.4e+38 -3.4e+38 -3.4e+38 -3.4e+38 -3.4e+38 -3.4e+38 -3.4e+38 -3.4e+38 -3.4e+38 -3.4e+38 -3.4e+38 -3.4e+38 -3.4e+38 -3.4e+38
111.339996337891 110.529998779297 107.089996337891 104.949996948242 104.589996337891 106.389999389648 109.300003051758 110.569999694824 107.919998168945 103.309997558594 100.919998168945 99.4599990844727 95.5699996948242 92.4000015258789 90.21875 89 -3.4e+38 -3.4e+38 -3.4e+38 -3.4e+38 -3.4e+38 -3.4e+38 -3.4e+38 -3.4e+38 -3.4e+38 -3.4e+38 -3.4e+38 -3.4e+38 -3.4e+38 -3.4e+38 -3.4e+38 -3.4e+38 -3.4e+38 -3.4e+38 -3.4e+38 -3.4e+38 -3.4e+38 -3.4e+38 -3.4e+38 -3.4e+38 -3.4e+38 -3.4e+38 -3.4e+38 -3.4e+38 -3.4e+38 -3.4e+38 -3.4e+38 -3.4e+38 -3.4e+38 -3.4e+38 -3.4e+38 -3.4e+38 -3.4e+38
107.540000915527 107.099998474121 106.160003662109 106.300003051758 107.129997253418 108.260002136230 109.419998168945 109.379997253418 106.809997558594 103.910003662109 102.330001831055 100.790000915527 97.2900009155273 93.7200012207031 91.0999984741211 89.25 88.1296310424805 -3.4e+38 -3.4e+38 -3.4e+38 -3.4e+38 -3.4e+38 -3.4e+38 -3.4e+38 -3.4e+38 -3.4e+38 -3.4e+38 -3.4e+38 -3.4e+38 -3.4e+38 -3.4e+38 -3.4e+38 -3.4e+38 -3.4e+38 -3.4e+38 -3.4e+38 -3.4e+38 -3.4e+38 -3.4e+38 -3.4e+38 -3.4e+38 -3.4e+38 -3.4e+38 -3.4e+38 -3.4e+38 -3.4e+38 -3.4e+38 -3.4e+38 -3.4e+38 -3.4e+38 -3.4e+38 -3.4e+38 -3.4e+38
104.900001525879 105.019996643066 105.25 106.150001525879 107.160003662109 108.059997558594 107.980003356934 106.720001220703 104.349998474121 101.790000915527 101.569999694824 101.220001220703 98.129997253418 94.7600021362305 92.1999969482422 90.3099975585938 89.0104141235352 86.4111099243164 83.5185165405273 -3.4e+38 -3.4e+38 -3.4e+38 -3.4e+38 -3.4e+38 -3.4e+38 -3.4e+38 -3.4e+38 -3.4e+38 -3.4e+38 -3.4e+38 -3.4e+38 -3.4e+38 -3.4e+38 -3.4e+38 -3.4e+38 -3.4e+38 -3.4e+38 -3.4e+38 -3.4e+38 -3.4e+38 -3.4e+38 -3.4e+38 -3.4e+38 -3.4e+38 -3.4e+38 -3.4e+38 -3.4e+38 -3.4e+38 -3.4e+38 -3.4e+38 -3.4e+38 -3.4e+38 -3.4e+38
97.1800003051758 96.620002746582 96.2699966430664 96.4899978637695 97.7900009155273 100.260002136230 100.400001525879 99.0299987792969 99.2799987792969 98.6600036621094 98.4700012207031 97.8600006103516 97.2799987792969 96.4499969482422 94.1600036621094 90.2799987792969 86.3899993896484 81.8899993896484 79.1145858764648 80.3518524169922 -3.4e+38 -3.4e+38 -3.4e+38 -3.4e+38 -3.4e+38 -3.4e+38 -3.4e+38 -3.4e+38 -3.4e+38 -3.4e+38 -3.4e+38 -3.4e+38 -3.4e+38 -3.4e+38 -3.4e+38 -3.4e+38 -3.4e+38 -3.4e+38 -3.4e+38 -3.4e+38 -3.4e+38 -3.4e+38 -3.4e+38 -3.4e+38 -3.4e+38 -3.4e+38 -3.4e+38 -3.4e+38 -3.4e+38 -3.4e+38 -3.4e+38 -3.4e+38 -3.4e+38
94.2699966430664 94.0199966430664 94.1900024414062 95.4599990844727 97.900001525879 99.9199981689453 100.75 100.239997863770 99.900001525879 98.9800033569336 98.4499969482422 97.900001525879 98.1800003051758 98.2900009155273 96.1800003051758 92.1600036621094 87.6900024414062 82.4199981689453 76.8899993896484 75.125 77.2777786254883 -3.4e+38 -3.4e+38 -3.4e+38 -3.4e+38 -3.4e+38 -3.4e+38 -3.4e+38 -3.4e+38 -3.4e+38 -3.4e+38 -3.4e+38 -3.4e+38 -3.4e+38 -3.4e+38 -3.4e+38 -3.4e+38 -3.4e+38 -3.4e+38 -3.4e+38 -3.4e+38 -3.4e+38 -3.4e+38 -3.4e+38 -3.4e+38 -3.4e+38 -3.4e+38 -3.4e+38 -3.4e+38 -3.4e+38 -3.4e+38 -3.4e+38 -3.4e+38
94.3600006103516 95.1100006103516 96.5500030517578 100.75 104.139999389648 104.580001831055 103.730003356934 102.120002746582 101.5 100.459999084473 99.1800003051758 98.1999969482422 98.5599975585938 99 97.9899978637695 94.6800003051758 89.8399963378906 84.8300018310547 79.370002746582 73.7699966430664 72.5625 75.759262084961 -3.4e+38 -3.4e+38 -3.4e+38 -3.4e+38 -3.4e+38 -3.4e+38 -3.4e+38 -3.4e+38 -3.4e+38 -3.4e+38 -3.4e+38 -3.4e+38 -3.4e+38 -3.4e+38 -3.4e+38 -3.4e+38 -3.4e+38 -3.4e+38 -3.4e+38 -3.4e+38 -3.4e+38 -3.4e+38 -3.4e+38 -3.4e+38 -3.4e+38 -3.4e+38 -3.4e+38 -3.4e+38 -3.4e+38 -3.4e+38 -3.4e+38
95.7200012207031 97.5199966430664 100.970001220703 106.309997558594 110.029998779297 110.980003356934 108.550003051758 104.550003051758 103.519996643066 102.230003356934 100.690002441406 100.040000915527 99.8300018310547 99.900001525879 99.4300003051758 96.7900009155273 92.2399978637695 88 83.75 79.620002746582 76.1600036621094 73.84375 72.740737915039 -3.4e+38 -3.4e+38 -3.4e+38 -3.4e+38 -3.4e+38 -3.4e+38 -3.4e+38 -3.4e+38 -3.4e+38 -3.4e+38 -3.4e+38 -3.4e+38 -3.4e+38 -3.4e+38 -3.4e+38 -3.4e+38 -3.4e+38 -3.4e+38 -3.4e+38 -3.4e+38 -3.4e+38 -3.4e+38 -3.4e+38 -3.4e+38 -3.4e+38 -3.4e+38 -3.4e+38 -3.4e+38 -3.4e+38 -3.4e+38
97.5400009155273 100.699996948242 105.769996643066 111.120002746582 114.059997558594 114.160003662109 112.849998474121 108.830001831055 106.599998474121 105.599998474121 104.279998779297 103.580001831055 101.730003356934 100.589996337891 100.760002136230 99.1699981689453 95.6699981689453 90.8199996948242 86.629997253418 83.4899978637695 79.3300018310547 74.0100021362305 70.6041641235352 71.2777786254883 75.2777786254883 78.6555557250977 80.3222198486328 80.2333297729492 78.7111129760742 77.3888854980469 -3.4e+38 -3.4e+38 -3.4e+38 -3.4e+38 -3.4e+38 -3.4e+38 -3.4e+38 -3.4e+38 -3.4e+38 -3.4e+38 -3.4e+38 -3.4e+38 -3.4e+38 -3.4e+38 -3.4e+38 -3.4e+38 -3.4e+38 -3.4e+38 -3.4e+38 -3.4e+38 -3.4e+38 -3.4e+38 -3.4e+38
98.8099975585938 103.739997863770 109.019996643066 112.900001525879 115.459999084473 116.550003051758 115.400001525879 112.279998779297 109.529998779297 107.480003356934 106.449996948242 105.910003662109 104.839996337891 104.080001831055 104.540000915527 103.150001525879 99.3199996948242 94.0599975585938 89.5 86.1500015258789 82.2600021362305 78.4199981689453 76.3199996948242 77.4199981689453 81.1600036621094 85.9199981689453 88.0299987792969 85.75 83.0500030517578 80.59375 78.0777740478516 76.2037048339844 -3.4e+38 -3.4e+38 -3.4e+38 -3.4e+38 -3.4e+38 -3.4e+38 -3.4e+38 -3.4e+38 -3.4e+38 -3.4e+38 -3.4e+38 -3.4e+38 -3.4e+38 -3.4e+38 -3.4e+38 -3.4e+38 -3.4e+38 -3.4e+38 -3.4e+38 -3.4e+38 -3.4e+38
98.599998474121 103.660003662109 109.220001220703 112.279998779297 114.660003662109 116.919998168945 116.050003051758 114.269996643066 111.889999389648 109.029998779297 107.860000610352 107.699996948242 107.849998474121 108.370002746582 108.239997863770 105.379997253418 100.379997253418 95.5400009155273 91.9400024414062 88.870002746582 86.5500030517578 84.7200012207031 84 84.5 86.9000015258789 89.9700012207031 90.8300018310547 89.3600006103516 86.4000015258789 83.3499984741211 80.3600006103516 77.7708358764648 77.1666641235352 78.759262084961 -3.4e+38 -3.4e+38 -3.4e+38 -3.4e+38 -3.4e+38 -3.4e+38 -3.4e+38 -3.4e+38 -3.4e+38 -3.4e+38 -3.4e+38 -3.4e+38 -3.4e+38 -3.4e+38 -3.4e+38 -3.4e+38 -3.4e+38 -3.4e+38 -3.4e+38
97.370002746582 100.980003356934 105.540000915527 109.559997558594 112.819999694824 115.489997863770 115.449996948242 114.150001525879 112.160003662109 110.190002441406 109.180000305176 108.339996337891 108.230003356934 108.440002441406 106.790000915527 103.480003356934 99.2699966430664 95.2300033569336 92.5 90.9199981689453 89.7200012207031 89.4000015258789 89.3600006103516 89.8000030517578 90.6399993896484 91.3600006103516 91.9000015258789 90.8899993896484 88.1399993896484 84.7200012207031 82.0100021362305 79.4800033569336 76.9599990844727 77.1145858764648 79.5740737915039 -3.4e+38 -3.4e+38 -3.4e+38 -3.4e+38 -3.4e+38 -3.4e+38 -3.4e+38 -3.4e+38 -3.4e+38 -3.4e+38 -3.4e+38 -3.4e+38 -3.4e+38 -3.4e+38 -3.4e+38 -3.4e+38 -3.4e+38 -3.4e+38
96.0800018310547 98.5899963378906 102.400001525879 106.809997558594 110.660003662109 113.040000915527 112.819999694824 112.550003051758 111.519996643066 108.930000305176 108.230003356934 107.269996643066 106.230003356934 104.959999084473 102.120002746582 99.1800003051758 95.620002746582 93.2399978637695 92.1100006103516 91.9599990844727 92.120002746582 92.5500030517578 92.9599990844727 93.7399978637695 93.5599975585938 92.2799987792969 91.7399978637695 90.6500015258789 88.6699981689453 85.6699981689453 82.7799987792969 80.1900024414062 77.7099990844727 75.6600036621094 74.966667175293 -3.4e+38 -3.4e+38 -3.4e+38 -3.4e+38 -3.4e+38 -3.4e+38 -3.4e+38 -3.4e+38 -3.4e+38 -3.4e+38 -3.4e+38 -3.4e+38 -3.4e+38 -3.4e+38 -3.4e+38 -3.4e+38 -3.4e+38 -3.4e+38
95.900001525879 97.8300018310547 100.419998168945 103.660003662109 107.040000915527 109.099998474121 108.989997863770 110.400001525879 110.819999694824 108.349998474121 106.800003051758 105.480003356934 103.970001220703 102.5 100 97.150001525879 94.6600036621094 93.7799987792969 93.3300018310547 93.2399978637695 93.7200012207031 94.120002746582 94.7200012207031 94.9800033569336 93.9199981689453 92.0299987792969 91.6600036621094 90.3499984741211 88.2600021362305 86.0500030517578 83.629997253418 81.0599975585938 78.6699981689453 75.7799987792969 74.183334350586 -3.4e+38 -3.4e+38 -3.4e+38 -3.4e+38 -3.4e+38 -3.4e+38 -3.4e+38 -3.4e+38 -3.4e+38 -3.4e+38 -3.4e+38 -3.4e+38 -3.4e+38 -3.4e+38 -3.4e+38 -3.4e+38 -3.4e+38 -3.4e+38
95.8000030517578 97.400001525879 98.9300003051758 101.069999694824 103.769996643066 105.860000610352 106.300003051758 107.860000610352 109.779998779297 108.519996643066 106.199996948242 104.269996643066 102.779998779297 101.309997558594 99.2600021362305 97.1100006103516 95.1600036621094 93.8300018310547 93.4800033569336 93.9800033569336 94 94 94.099998474121 94.4899978637695 94.0500030517578 92.4199981689453 92 90.620002746582 87.879997253418 85.7200012207031 83.8000030517578 81.3199996948242 79.1600036621094 76.6699981689453 77.5729141235352 82.314811706543 -3.4e+38 -3.4e+38 -3.4e+38 -3.4e+38 -3.4e+38 -3.4e+38 -3.4e+38 -3.4e+38 -3.4e+38 -3.4e+38 -3.4e+38 -3.4e+38 -3.4e+38 -3.4e+38 -3.4e+38 -3.4e+38 -3.4e+38
95.400001525879 96.5199966430664 97.5400009155273 99 102.019996643066 104.610000610352 104.400001525879 105.040000915527 106.370002746582 106.620002746582 104.819999694824 103.050003051758 102.150001525879 100.639999389648 98.7699966430664 97.0199966430664 95.9599990844727 94.4899978637695 93.9800033569336 94 93.7399978637695 93.0999984741211 93.0999984741211 93.5400009155273 93.6100006103516 92.2399978637695 91.0899963378906 89.8600006103516 87.5899963378906 86.0199966430664 83.8399963378906 81.5299987792969 79.6600036621094 77.1500015258789 75.5199966430664 77.5416641235352 82.2037048339844 -3.4e+38 -3.4e+38 -3.4e+38 -3.4e+38 -3.4e+38 -3.4e+38 -3.4e+38 -3.4e+38 -3.4e+38 -3.4e+38 -3.4e+38 -3.4e+38 -3.4e+38 -3.4e+38 -3.4e+38 -3.4e+38
94.5400009155273 95.4800033569336 96.150001525879 97.1600036621094 100.139999389648 102.980003356934 104.069999694824 104.819999694824 104.010002136230 102.839996337891 102.440002441406 101.419998168945 100.620002746582 99.8199996948242 97.7300033569336 96.6699981689453 95.6100006103516 95 94.4700012207031 94 93.5999984741211 93 93 92.9499969482422 92.6500015258789 91.5999984741211 90.3099975585938 88.8000030517578 87.3399963378906 85.6600036621094 84.0299987792969 81.7399978637695 79.3499984741211 77.3000030517578 75.1500015258789 74.3300018310547 74.5999984741211 -3.4e+38 -3.4e+38 -3.4e+38 -3.4e+38 -3.4e+38 -3.4e+38 -3.4e+38 -3.4e+38 -3.4e+38 -3.4e+38 -3.4e+38 -3.4e+38 -3.4e+38 -3.4e+38 -3.4e+38 -3.4e+38
94 94.2300033569336 94.599998474121 96.5 100.239997863770 104.319999694824 105.519996643066 102.919998168945 101.660003662109 101.550003051758 100.669998168945 100.110000610352 99.629997253418 98.349998474121 96.7399978637695 95.7300033569336 94.7300033569336 94.6900024414062 94.849998474121 93.8099975585938 93.4100036621094 92.5899963378906 92.0999984741211 91.7399978637695 91.2799987792969 90.8000030517578 89.6800003051758 88.5999984741211 87.3199996948242 85.379997253418 83.4599990844727 81.3899993896484 79.3399963378906 77.3399963378906 75.3399963378906 76.870002746582 81.3833312988281 -3.4e+38 -3.4e+38 -3.4e+38 -3.4e+38 -3.4e+38 -3.4e+38 -3.4e+38 -3.4e+38 -3.4e+38 -3.4e+38 -3.4e+38 -3.4e+38 -3.4e+38 -3.4e+38 -3.4e+38 -3.4e+38
93.7399978637695 93.0999984741211 93.4800033569336 94.9599990844727 98.4899978637695 101.989997863770 101.739997863770 100 99.4199981689453 99.4400024414062 99.2799987792969 98.75 97.8899993896484 96.8300018310547 95.7399978637695 94.7300033569336 93.7300033569336 93.2399978637695 92.9000015258789 91.9599990844727 91.4400024414062 91.2799987792969 91.0500030517578 90.6500015258789 90.4899978637695 90.5400009155273 89.5999984741211 88.5999984741211 87.5299987792969 86.0800018310547 84.0999984741211 82.129997253418 80.1500015258789 78.0999984741211 76.0999984741211 75.3899993896484 75.8333358764648 -3.4e+38 -3.4e+38 -3.4e+38 -3.4e+38 -3.4e+38 -3.4e+38 -3.4e+38 -3.4e+38 -3.4e+38 -3.4e+38 -3.4e+38 -3.4e+38 -3.4e+38 -3.4e+38 -3.4e+38 -3.4e+38
93.5699996948242 92.6699981689453 92.2300033569336 93.0800018310547 95.0500030517578 96.4599990844727 97.129997253418 97.629997253418 98.0199966430664 98.099998474121 98.099998474121 97.7300033569336 96.7300033569336 95.7300033569336 94.7300033569336 93.7399978637695 92.8000030517578 91.8199996948242 91.2600021362305 90.6500015258789 90.0999984741211 90.0500030517578 89.6699981689453 89.2799987792969 89.5400009155273 90.0199966430664 89.5299987792969 88.5400009155273 87.5999984741211 86.5299987792969 85.0800018310547 83.4700012207031 81.6999969482422 79.2600021362305 77.2799987792969 76.0800018310547 78.78125 83.5185165405273 -3.4e+38 -3.4e+38 -3.4e+38 -3.4e+38 -3.4e+38 -3.4e+38 -3.4e+38 -3.4e+38 -3.4e+38 -3.4e+38 -3.4e+38 -3.4e+38 -3.4e+38 -3.4e+38 -3.4e+38
93.3600006103516 91.9000015258789 91.0999984741211 92.0500030517578 93.5299987792969 94.2300033569336 94.7600021362305 95.6999969482422 96.599998474121 97.099998474121 97.099998474121 96.7699966430664 95.7300033569336 94.7300033569336 93.7300033569336 92.9700012207031 92.4400024414062 91.4400024414062 90.2300033569336 89.2300033569336 89 88.6699981689453 88.2799987792969 88.5 89 89.0999984741211 88.8600006103516 88.0199966430664 87.6600036621094 86.6900024414062 85.6600036621094 84.9800033569336 84 82.0400009155273 80.4899978637695 79.8000030517578 79.9800033569336 79.2083358764648 76.1444473266602 78.6444473266602 84.9814834594727 -3.4e+38 -3.4e+38 -3.4e+38 -3.4e+38 -3.4e+38 -3.4e+38 -3.4e+38 -3.4e+38 -3.4e+38 -3.4e+38 -3.4e+38 -3.4e+38
