pkg/rmaxent/inst/layers/dtr6190_ann.asc
NCOLS 122 
NROWS 160 
XLLCORNER -94.8 
YLLCORNER -56.45 
CELLSIZE 0.5 
NODATA_value -3.4e+38 
[rows 72 to 95 of 160, columns 53 to 105 of 122]
104.599998474121 103.699996948242 103.529998779297 104.019996643066 104.529998779297 105.739997863770 107.239997863770 108.690002441406 110.660003662109 112.239997863770 113.709999084473 115.410003662109 117.230003356934 119.660003662109 121.599998474121 123.089996337891 124.599998474121 125.910003662109 126.379997253418 127.309997558594 128.410003662109 129.460006713867 130.800003051758 132 131.610000610352 131 130.240005493164 128.690002441406 127.599998474121 126.739997863770 126.019996643066 125.680000305176 125.019996643066 124.569999694824 123.239997863770 122.029998779297 122 121.370002746582 120.529998779297 119.949996948242 119.889999389648 118.779998779297 116.459999084473 115.779998779297 118.650001525879 123.889999389648 128.619995117188 130.919998168945 130.529998779297 127.989997863770 123.910003662109 118.589996337891 113.449996948242
100.650001525879 100.779998779297 101.629997253418 102.639999389648 103.970001220703 105.900001525879 107.739997863770 109.339996337891 110.940002441406 112.779998779297 114.699996948242 116.639999389648 118.300003051758 120 121.940002441406 124.080001831055 126.489997863770 127.739997863770 127.919998168945 128.380004882812 129.309997558594 129.979995727539 130.470001220703 131.089996337891 130.740005493164 130.100006103516 129.610000610352 128.539993286133 127.599998474121 126.599998474121 125.739997863770 125.019996643066 125 124.220001220703 122.629997253418 121.739997863770 121.099998474121 120.730003356934 119.699996948242 118.629997253418 117.480003356934 115.209999084473 112.690002441406 111.769996643066 113.980003356934 119.029998779297 124.410003662109 127.580001831055 127.699996948242 125.489997863770 120.839996337891 115.330001831055 110.650001525879
97.9700012207031 98.1600036621094 99.9599990844727 101.839996337891 103.809997558594 105.900001525879 107.900001525879 109.75 111.699996948242 113.680000305176 115.669998168945 117.699996948242 119.639999389648 121.190002441406 122.720001220703 124.800003051758 127.080001831055 129.139999389648 129.690002441406 129.729995727539 130.220001220703 130.899993896484 130.509994506836 130.100006103516 129.970001220703 129.589996337891 128.729995727539 128.020004272461 127.599998474121 126.599998474121 125.660003662109 125 124.709999084473 123.309997558594 122.029998779297 121.540000915527 120.739997863770 119.800003051758 118.379997253418 116.529998779297 114.580001831055 111.839996337891 108.779998779297 107.230003356934 109.129997253418 114.860000610352 120.059997558594 123.349998474121 123.730003356934 121.319999694824 116.699996948242 111.019996643066 107.25
96.8099975585938 96.6900024414062 98.5299987792969 101.029998779297 103.339996337891 105.910003662109 107.940002441406 110.160003662109 112.660003662109 114.339996337891 116.199996948242 118.699996948242 120.699996948242 122.300003051758 124.050003051758 125.949996948242 127.040000915527 128.960006713867 130.259994506836 130.880004882812 130.419998168945 130 129.639999389648 129 128.660003662109 128.210006713867 127.800003051758 127.559997558594 127.529998779297 126.540000915527 126 125.339996337891 124.160003662109 122.629997253418 121.739997863770 121.019996643066 120.599998474121 119.569999694824 117.809997558594 115 112.510002136230 109.75 106.269996643066 104.300003051758 106.120002746582 111.580001831055 116.220001220703 119.370002746582 120.019996643066 117.779998779297 113.089996337891 107.860000610352 104.300003051758
97 97.1699981689453 99.1399993896484 101.330001831055 103.830001831055 106.160003662109 108.660003662109 110.629997253418 112.809997558594 114.739997863770 117.029998779297 119.680000305176 121.779998779297 123.370002746582 125.150001525879 127.389999389648 128.119995117188 128.779998779297 130.240005493164 130.199996948242 128.809997558594 128.350006103516 127.800003051758 127.190002441406 126.769996643066 126.559997558594 127.260002136230 127.410003662109 126.650001525879 126.019996643066 125.669998168945 124.370002746582 122.900001525879 122.029998779297 121.540000915527 121 120.629997253418 119.339996337891 116.980003356934 114.260002136230 111.809997558594 108.910003662109 106.25 105.349998474121 107.089996337891 110.809997558594 114.470001220703 116.75 117.089996337891 115.180000305176 111.190002441406 106.580001831055 103.029998779297
101.790000915527 102.239997863770 103.959999084473 104.019996643066 105.290000915527 106.830001831055 108.919998168945 110.470001220703 112.260002136230 114.809997558594 117.230003356934 120.529998779297 123.540000915527 125.199996948242 126.349998474121 127.089996337891 127.660003662109 128.089996337891 128.669998168945 128.399993896484 127.230003356934 126.669998168945 125.860000610352 124.559997558594 124.050003051758 124.989997863770 125.599998474121 125.790000915527 125.279998779297 125.099998474121 124.730003356934 123.610000610352 122.529998779297 121.739997863770 121.019996643066 121.319999694824 121.129997253418 119.339996337891 116.879997253418 113.910003662109 110.980003356934 108.730003356934 107.919998168945 108.089996337891 109.540000915527 112.019996643066 114.470001220703 115.739997863770 115.889999389648 114.069999694824 110.349998474121 106.440002441406 103.529998779297
117.900001525879 111.199996948242 112.940002441406 111.519996643066 108.160003662109 108.300003051758 109.459999084473 110.459999084473 111.830001831055 114.199996948242 117.459999084473 121.5 125.069999694824 127.099998474121 127.720001220703 127.379997253418 127.400001525879 128.199996948242 128.130004882812 126.830001831055 125.760002136230 125.169998168945 124.230003356934 122.419998168945 121.489997863770 122.309997558594 123.639999389648 124.190002441406 124.489997863770 124.669998168945 123.730003356934 122.739997863770 121.860000610352 121.480003356934 121.900001525879 121.980003356934 121.589996337891 120.099998474121 117.709999084473 114.419998168945 110.989997863770 109.410003662109 110.120002746582 111.010002136230 112.139999389648 113.709999084473 115.720001220703 116.910003662109 116.599998474121 115.150001525879 112.139999389648 108.620002746582 105.680000305176
136.929992675781 127.559997558594 124.879997253418 123.209999084473 116.010002136230 111.040000915527 110.769996643066 110.980003356934 111.349998474121 112.879997253418 116.459999084473 122.050003051758 126.360000610352 127.970001220703 127.739997863770 127.019996643066 127.400001525879 127.949996948242 127.230003356934 125.739997863770 124.730003356934 123.440002441406 121.989997863770 120.830001831055 120.110000610352 120.879997253418 122.139999389648 122.639999389648 123.599998474121 123.800003051758 122.800003051758 122.019996643066 122 121.980003356934 122 122 122 121.069999694824 118.730003356934 115.690002441406 112.930000305176 111.760002136230 112.279998779297 113.279998779297 114.569999694824 116.099998474121 117.599998474121 118.879997253418 118.790000915527 117.480003356934 114.510002136230 111.860000610352 109.069999694824
146.679992675781 145.330001831055 146.949996948242 145.600006103516 134.270004272461 118.620002746582 113.809997558594 111.190002441406 110.209999084473 110.989997863770 114.370002746582 120.339996337891 125.480003356934 127.550003051758 127.660003662109 127.319999694824 127.639999389648 126.849998474121 125.900001525879 124.779998779297 123.699996948242 122.209999084473 120.650001525879 119.650001525879 119.099998474121 119.589996337891 120.639999389648 121.970001220703 123.400001525879 123.599998474121 122.660003662109 122 122 121.739997863770 121.099998474121 121.5 122 121.470001220703 120.019996643066 117.540000915527 115 114.129997253418 114.949996948242 116.040000915527 117.190002441406 118.230003356934 119.550003051758 120.690002441406 120.680000305176 119.029998779297 116.360000610352 115.059997558594 112.760002136230
158.820007324219 162.550003051758 165.479995727539 164.020004272461 157.940002441406 147.020004272461 132.119995117188 116.779998779297 110.459999084473 109.339996337891 113.330001831055 120.940002441406 125.239997863770 127.400001525879 128 127.980003356934 128 127.150001525879 125.629997253418 124.25 122.339996337891 120.400001525879 118.769996643066 118.080001831055 118.019996643066 118.529998779297 119.879997253418 121.800003051758 123.330001831055 123.540000915527 123 122.900001525879 122.370002746582 121.529998779297 121 121 121.099998474121 121.019996643066 120.529998779297 119.019996643066 116.839996337891 115.730003356934 116.620002746582 118.449996948242 119.930000305176 120.559997558594 120.839996337891 120.940002441406 120.099998474121 118.150001525879 116.900001525879 116.279998779297 114.599998474121
168.220001220703 173.190002441406 175.619995117188 171.440002441406 164.309997558594 156.229995727539 147.449996948242 133.259994506836 120.470001220703 113.959999084473 114.099998474121 122.769996643066 125.760002136230 127.459999084473 128.020004272461 128.410003662109 128.949996948242 128.130004882812 126.129997253418 123.849998474121 120.910003662109 118.339996337891 116.370002746582 115.639999389648 116.470001220703 117.519996643066 119.309997558594 121.470001220703 122.529998779297 123.019996643066 123 122.739997863770 121.800003051758 120.860000610352 120.099998474121 120.650001525879 121 121 120.599998474121 119.430000305176 117.150001525879 115.430000305176 116.959999084473 119.489997863770 121.209999084473 121.949996948242 121.559997558594 120.169998168945 117.360000610352 115.190002441406 115.319999694824 115.760002136230 115.559997558594
171.820007324219 175.789993286133 176.360000610352 171.279998779297 163.990005493164 155 145.559997558594 133.550003051758 124.739997863770 119.739997863770 118.629997253418 123.769996643066 126.669998168945 127.970001220703 128.690002441406 129.720001220703 130.059997558594 129.360000610352 126.629997253418 123.410003662109 119.529998779297 115.620002746582 112.870002746582 112.669998168945 114.059997558594 116.269996643066 119.050003051758 121.269996643066 121.889999389648 122.029998779297 122.489997863770 122.599998474121 121.720001220703 121.199996948242 121.099998474121 121.379997253418 121.900001525879 121.529998779297 120.629997253418 118.610000610352 115.300003051758 113.830001831055 115.480003356934 118.339996337891 121.230003356934 123.319999694824 123.069999694824 121.510002136230 116.620002746582 111.809997558594 114.319999694824 116.330001831055 116.349998474121
169.919998168945 171.190002441406 169.850006103516 166.240005493164 161.029998779297 152.649993896484 141.559997558594 130.210006713867 123.319999694824 123.459999084473 124.529998779297 126.069999694824 127.459999084473 128.320007324219 129.259994506836 129.669998168945 129.179992675781 128.320007324219 125.849998474121 122.779998779297 118.190002441406 111.599998474121 108 109.150001525879 111.440002441406 114.330001831055 117.599998474121 119.930000305176 120.239997863770 120.610000610352 121.529998779297 122.349998474121 122.769996643066 122.720001220703 122.889999389648 122.930000305176 122.980003356934 122.510002136230 121.150001525879 118.540000915527 115.319999694824 114.029998779297 114.5 116.919998168945 121.550003051758 125.300003051758 125.459999084473 123.879997253418 119.919998168945 117.319999694824 118.709999084473 117.050003051758 115.739997863770
165.649993896484 165.470001220703 164.350006103516 162.690002441406 159.270004272461 152.820007324219 143.190002441406 129.759994506836 122.029998779297 126.5 128.100006103516 128.630004882812 128.720001220703 128.979995727539 129 128.800003051758 127.790000915527 126.480003356934 124.360000610352 121.389999389648 115.730003356934 107.669998168945 103.839996337891 105.819999694824 108.660003662109 111.599998474121 114.669998168945 116.809997558594 118.050003051758 119.440002441406 120.470001220703 121.529998779297 122.559997558594 123.709999084473 124.690002441406 124.699996948242 124.389999389648 123.449996948242 122.069999694824 120 117.489997863770 114.580001831055 113.580001831055 116.870002746582 123.199996948242 128.470001220703 128.699996948242 125.709999084473 121.319999694824 119.940002441406 120.040000915527 116.739997863770 114.930000305176
162.619995117188 162.360000610352 161.410003662109 161.539993286133 159.440002441406 156.5 150.050003051758 133.610000610352 125.949996948242 129.869995117188 131.160003662109 130.490005493164 129.979995727539 129.899993896484 129.440002441406 128.570007324219 127.220001220703 125.300003051758 122.639999389648 118.860000610352 113.870002746582 107.819999694824 104.470001220703 105.010002136230 107.080001831055 109.480003356934 112.069999694824 114.110000610352 116 117.629997253418 118.980003356934 120.459999084473 122.129997253418 124.459999084473 125.809997558594 125.379997253418 125 124.010002136230 122.5 121.150001525879 118.550003051758 112.879997253418 109.550003051758 116.010002136230 126.080001831055 131.660003662109 130.289993286133 126.459999084473 119.720001220703 115.830001831055 117.610000610352 115.580001831055 114.220001220703
159.630004882812 159.479995727539 159.970001220703 160.880004882812 159.649993896484 158.740005493164 154.330001831055 142.050003051758 133.630004882812 133.559997558594 133.309997558594 132.240005493164 131.330001831055 130.440002441406 129.570007324219 128.220001220703 126.300003051758 124.300003051758 121.540000915527 117.540000915527 113.069999694824 108.769996643066 106.400001525879 105.930000305176 106.919998168945 108.559997558594 110.220001220703 112.099998474121 114.080001831055 115.980003356934 117.489997863770 118.910003662109 120.800003051758 122.919998168945 124.459999084473 124.910003662109 124.589996337891 123.610000610352 122.199996948242 119.230003356934 113.360000610352 105.150001525879 103.970001220703 114.75 125.930000305176 129.820007324219 128.059997558594 126.209999084473 120.220001220703 115.230003356934 116.709999084473 118.069999694824 119.889999389648
158.770004272461 157.880004882812 159.179992675781 161.020004272461 160.580001831055 158.490005493164 155.910003662109 148.320007324219 140.610000610352 136.639999389648 134.529998779297 132.600006103516 131.600006103516 130.600006103516 129.360000610352 127.459999084473 125.459999084473 123.430000305176 120.910003662109 117.050003051758 112.870002746582 110 108.239997863770 107.389999389648 107.419998168945 108.839996337891 110.400001525879 111.559997558594 113.040000915527 114.589996337891 115.639999389648 116.660003662109 118.160003662109 120.129997253418 122.110000610352 123.309997558594 123.279998779297 122.739997863770 121 116.989997863770 109.610000610352 100.989997863770 101.940002441406 113.629997253418 122.629997253418 125.059997558594 123 120.830001831055 117.199996948242 114.699996948242 115.599998474121 118.129997253418 121.209999084473
158.5 159.809997558594 161.070007324219 163.5 164.119995117188 162.389999389648 160.119995117188 154.240005493164 144.149993896484 137.440002441406 134.220001220703 132.600006103516 131.600006103516 130.600006103516 129.529998779297 128.059997558594 126.059997558594 123.739997863770 120.830001831055 117.309997558594 113.330001831055 110.300003051758 108.599998474121 108 108.620002746582 110.199996948242 111.370002746582 112.379997253418 113.459999084473 114 114.120002746582 114.489997863770 115.529998779297 117.440002441406 119.949996948242 121.540000915527 122.099998474121 121.970001220703 120.279998779297 116.220001220703 112.180000305176 109.099998474121 108.809997558594 114.069999694824 121.150001525879 122.949996948242 120.260002136230 117.529998779297 112.809997558594 111.239997863770 114.580001831055 114.199996948242 111.970001220703
159.639999389648 162.820007324219 164.270004272461 166.419998168945 167.970001220703 167.949996948242 165 156.830001831055 145.940002441406 137.729995727539 133.089996337891 132.460006713867 131.660003662109 130.690002441406 129.630004882812 128.320007324219 126.339996337891 124.190002441406 121.419998168945 117.510002136230 113.449996948242 110.300003051758 108.569999694824 108 109.050003051758 111.510002136230 113.089996337891 114.190002441406 114.360000610352 113.639999389648 112.25 111.279998779297 112.019996643066 114.419998168945 117.489997863770 120.029998779297 121.089996337891 120.769996643066 118.620002746582 114.209999084473 111.050003051758 111.230003356934 111.900001525879 114.169998168945 120.400001525879 124.779998779297 123.949996948242 118.650001525879 110.699996948242 106.940002441406 109.980003356934 109.160003662109 104.069999694824
155.339996337891 163.509994506836 165.889999389648 168.360000610352 170.869995117188 172.419998168945 165.449996948242 149.130004882812 137.020004272461 133.039993286133 131.399993896484 131.669998168945 132 131.419998168945 130.149993896484 128.660003662109 127.129997253418 125.180000305176 122.720001220703 118.940002441406 114.089996337891 110.279998779297 108.199996948242 107.010002136230 108.239997863770 111.139999389648 113.849998474121 115.510002136230 114.830001831055 112.370002746582 109.120002746582 107.010002136230 107.25 110.449996948242 115.239997863770 119.25 121 119.989997863770 116.699996948242 111.910003662109 107.239997863770 106.569999694824 109.029998779297 111.209999084473 115.650001525879 120.860000610352 121.25 116.5 111.730003356934 105.099998474121 100.660003662109 100.360000610352 94.9800033569336
150.339996337891 162.039993286133 165.059997558594 167.699996948242 169.509994506836 170.639999389648 160.149993896484 138.279998779297 129.050003051758 129.300003051758 130.559997558594 131.490005493164 132 131.690002441406 130.910003662109 129.970001220703 128.440002441406 126.949996948242 124.930000305176 121.650001525879 115.949996948242 110.260002136230 106.819999694824 105.199996948242 106.349998474121 109.339996337891 112.050003051758 113.290000915527 112.529998779297 109.809997558594 105.910003662109 102.349998474121 101.629997253418 106.230003356934 113.269996643066 118.75 121.319999694824 120.279998779297 115.690002441406 110.550003051758 106.199996948242 103.669998168945 103.639999389648 104.559997558594 106.989997863770 109.930000305176 110.430000305176 107.970001220703 104.849998474121 96.4300003051758 85.3899993896484 80.5100021362305 78.25
143.419998168945 158.229995727539 161.729995727539 164.539993286133 166.240005493164 166.160003662109 157.789993286133 136.949996948242 124.699996948242 127.620002746582 130.350006103516 132.300003051758 132.899993896484 132.509994506836 131.529998779297 130.619995117188 129.520004272461 128.369995117188 126.790000915527 123.800003051758 117.279998779297 109.110000610352 104 102.169998168945 103.550003051758 106.940002441406 109.690002441406 110.5 109.989997863770 108.150001525879 104.330001831055 98.7600021362305 95.5500030517578 102.449996948242 113.529998779297 119.25 121.690002441406 119.790000915527 114.930000305176 109.559997558594 104.209999084473 100.529998779297 98.7200012207031 97.3899993896484 96.7099990844727 97.2600021362305 96.0299987792969 95.9700012207031 97.6800003051758 91.3099975585938 88.1875 76 73
143.690002441406 156.080001831055 159.050003051758 161.009994506836 162.100006103516 158.779998779297 145.240005493164 130.169998168945 126.069999694824 128.589996337891 131.669998168945 133.360000610352 133.899993896484 133.419998168945 132.419998168945 131.419998168945 130.419998168945 129.110000610352 126.819999694824 122.629997253418 115.160003662109 105.580001831055 99.2399978637695 98.2099990844727 101 105.019996643066 108.169998168945 109.139999389648 109.209999084473 108.290000915527 105.5 101.029998779297 98.3099975585938 103.830001831055 113.370002746582 117.980003356934 119.010002136230 117.139999389648 113.069999694824 107.260002136230 101.040000915527 96.8300018310547 94 90.9899978637695 88.0899963378906 89.2399978637695 92.328125 93.4000015258789 96.400001525879 90.5999984741211 90 -3.4e+38 -3.4e+38
147.639999389648 152.940002441406 156.729995727539 159.289993286133 159.779998779297 151.369995117188 135.639999389648 131.350006103516 131.710006713867 130.970001220703 133.580001831055 134.720001220703 134.529998779297 133.690002441406 132.690002441406 131.690002441406 130.690002441406 129.309997558594 126.120002746582 119.970001220703 110.389999389648 99.9300003051758 93.3600006103516 94.2399978637695 99.7399978637695 105.150001525879 108.900001525879 110.529998779297 110.989997863770 110.470001220703 109.080001831055 107.199996948242 105.910003662109 108.139999389648 113.180000305176 116.589996337891 116.819999694824 114.440002441406 109.519996643066 102.839996337891 95.5899963378906 90.25 87.6900024414062 85.1500015258789 82.390625 87.8000030517578 92 -3.4e+38 -3.4e+38 -3.4e+38 -3.4e+38 -3.4e+38 -3.4e+38
