pkg/rmaxent/inst/layers/dtr6190_ann.asc
NCOLS 122 
NROWS 160 
XLLCORNER -94.8 
YLLCORNER -56.45 
CELLSIZE 0.5 
NODATA_value -3.4e+38 
[rows 96 to 119 of 160, columns 53 to 105 of 122]
147.869995117188 149.729995727539 153.770004272461 156.029998779297 154.5 147.320007324219 139.610000610352 135.899993896484 133.580001831055 133.5 135.190002441406 135.889999389648 135.520004272461 134.449996948242 133.419998168945 132.419998168945 131.419998168945 129.729995727539 126.010002136230 118.589996337891 107.650001525879 97.3399963378906 92.0899963378906 94.1600036621094 100.849998474121 107.300003051758 112.269996643066 114.650001525879 114.680000305176 113.809997558594 112.300003051758 111.519996643066 111.300003051758 112.25 114.569999694824 116 115.050003051758 110.169998168945 102.529998779297 94.9100036621094 88.0100021362305 84.1800003051758 83.09375 84 81 -3.4e+38 -3.4e+38 -3.4e+38 -3.4e+38 -3.4e+38 -3.4e+38 -3.4e+38 -3.4e+38
147.660003662109 149.830001831055 152.369995117188 151.339996337891 147 144.570007324219 141.580001831055 135.929992675781 134.240005493164 135.190002441406 136.289993286133 136.899993896484 136.440002441406 135.110000610352 133.600006103516 132.600006103516 131.600006103516 130.149993896484 126.519996643066 118.610000610352 107.379997253418 98.2399978637695 95.5400009155273 98.4700012207031 104.430000305176 110.919998168945 116.730003356934 120 119.010002136230 116.819999694824 115.180000305176 114.220001220703 114.059997558594 115.040000915527 115.839996337891 116 114.209999084473 108.5 99.3199996948242 88.4499969482422 82.0599975585938 81.53125 82 -3.4e+38 -3.4e+38 -3.4e+38 -3.4e+38 -3.4e+38 -3.4e+38 -3.4e+38 -3.4e+38 -3.4e+38 -3.4e+38
146.610000610352 148.479995727539 150.600006103516 148.550003051758 142.169998168945 138.169998168945 136.520004272461 134.470001220703 134.75 136.300003051758 137.380004882812 137.940002441406 137.110000610352 135.210006713867 133.529998779297 132.529998779297 131.5 130.119995117188 127.040000915527 119.569999694824 109.040000915527 102.260002136230 100.809997558594 103.400001525879 108.569999694824 114.029998779297 119.529998779297 121.809997558594 120.470001220703 118.879997253418 116.860000610352 115.330001831055 115.069999694824 116.089996337891 116.900001525879 116.900001525879 115.139999389648 109.150001525879 97.1600036621094 84.379997253418 79.5625 81 -3.4e+38 -3.4e+38 -3.4e+38 -3.4e+38 -3.4e+38 -3.4e+38 -3.4e+38 -3.4e+38 -3.4e+38 -3.4e+38 -3.4e+38
145.830001831055 147.460006713867 148.630004882812 147.550003051758 139.75 129.720001220703 127.860000610352 131.289993286133 135.199996948242 137.660003662109 139.199996948242 139.070007324219 137.259994506836 134.75 132.639999389648 131.630004882812 130.240005493164 128.619995117188 127.400001525879 120.860000610352 110.129997253418 106.269996643066 105.800003051758 108.080001831055 112.190002441406 116.389999389648 119.879997253418 121.150001525879 120.720001220703 119.419998168945 116.910003662109 114.230003356934 113.489997863770 114.830001831055 115.809997558594 115.800003051758 114.680000305176 107.919998168945 93.5 83.359375 79 -3.4e+38 -3.4e+38 -3.4e+38 -3.4e+38 -3.4e+38 -3.4e+38 -3.4e+38 -3.4e+38 -3.4e+38 -3.4e+38 -3.4e+38 -3.4e+38
145.009994506836 146.770004272461 147.029998779297 144.759994506836 137.960006713867 127.470001220703 124.629997253418 131.919998168945 136.160003662109 139.089996337891 141.100006103516 140.539993286133 137.440002441406 133.720001220703 131.100006103516 130.190002441406 128.169998168945 125.419998168945 122.839996337891 118 112.370002746582 110.069999694824 109.870002746582 111.660003662109 115.139999389648 118.400001525879 120.180000305176 121.059997558594 121.720001220703 120.989997863770 117.260002136230 111.809997558594 110.129997253418 111.650001525879 112.540000915527 112.319999694824 109.169998168945 101.069999694824 88.7699966430664 81.1333312988281 -3.4e+38 -3.4e+38 -3.4e+38 -3.4e+38 -3.4e+38 -3.4e+38 -3.4e+38 -3.4e+38 -3.4e+38 -3.4e+38 -3.4e+38 -3.4e+38 -3.4e+38
145.309997558594 149.520004272461 148.869995117188 146.080001831055 136.300003051758 128.240005493164 130.710006713867 134.440002441406 138.089996337891 140.649993896484 141.970001220703 141.190002441406 138.309997558594 134.470001220703 132.800003051758 132.050003051758 127.25 121.220001220703 116.699996948242 114.129997253418 112.970001220703 112.660003662109 112.559997558594 113.480003356934 116.110000610352 118.360000610352 118.279998779297 118.870002746582 120.639999389648 121.959999084473 118.309997558594 109.800003051758 106.589996337891 107.059997558594 107.349998474121 106.150001525879 101.949996948242 94.4100036621094 84.7900009155273 77.683334350586 -3.4e+38 -3.4e+38 -3.4e+38 -3.4e+38 -3.4e+38 -3.4e+38 -3.4e+38 -3.4e+38 -3.4e+38 -3.4e+38 -3.4e+38 -3.4e+38 -3.4e+38
147.279998779297 157.539993286133 159.050003051758 154 142.470001220703 135.360000610352 135.820007324219 138.080001831055 140.929992675781 142.259994506836 143.080001831055 142.139999389648 139.610000610352 137.059997558594 136.139999389648 133.570007324219 126.339996337891 118.099998474121 112.309997558594 111.110000610352 113.069999694824 114.169998168945 113.900001525879 113.650001525879 113.160003662109 112.059997558594 111.860000610352 114.389999389648 116.339996337891 117.019996643066 113.839996337891 108.069999694824 104.400001525879 103.440002441406 103.040000915527 101.660003662109 98.2300033569336 91.9899978637695 82.3899993896484 75.0166702270508 -3.4e+38 -3.4e+38 -3.4e+38 -3.4e+38 -3.4e+38 -3.4e+38 -3.4e+38 -3.4e+38 -3.4e+38 -3.4e+38 -3.4e+38 -3.4e+38 -3.4e+38
147.279998779297 160 165.059997558594 156.160003662109 147.039993286133 140.770004272461 139.050003051758 140.559997558594 142.639999389648 144.100006103516 144.690002441406 143.440002441406 140.5 137.919998168945 135.520004272461 131.070007324219 124.129997253418 115.75 109.5 109.160003662109 112.099998474121 113.599998474121 113.660003662109 112.370002746582 110.669998168945 108.730003356934 108.300003051758 110.430000305176 112.010002136230 112.150001525879 109.739997863770 105.669998168945 102.379997253418 100.760002136230 99.5100021362305 97.6900024414062 94.8000030517578 87.0800018310547 76.0800018310547 71.0999984741211 -3.4e+38 -3.4e+38 -3.4e+38 -3.4e+38 -3.4e+38 -3.4e+38 -3.4e+38 -3.4e+38 -3.4e+38 -3.4e+38 -3.4e+38 -3.4e+38 -3.4e+38
149.089996337891 152.100006103516 157.059997558594 153.570007324219 147.610000610352 143.220001220703 141.570007324219 142.130004882812 143.679992675781 144.970001220703 144.610000610352 142.729995727539 139.410003662109 136.399993896484 133.660003662109 128.929992675781 122.25 114.800003051758 110.150001525879 110.120002746582 112.449996948242 113 112.849998474121 111.769996643066 110.370002746582 108.690002441406 108.080001831055 108.709999084473 109.410003662109 108.680000305176 106.309997558594 103.110000610352 100.029998779297 97.5199966430664 95.9199981689453 94.0400009155273 88.5599975585938 78.5400009155273 76.1399993896484 83.1166687011719 -3.4e+38 -3.4e+38 -3.4e+38 -3.4e+38 -3.4e+38 -3.4e+38 -3.4e+38 -3.4e+38 -3.4e+38 -3.4e+38 -3.4e+38 -3.4e+38 -3.4e+38
147.25 148.619995117188 150.580001831055 147.619995117188 143.759994506836 142.089996337891 141.850006103516 142.619995117188 144.279998779297 144.690002441406 142.949996948242 140.149993896484 136.940002441406 134.300003051758 131.929992675781 128.729995727539 122.830001831055 115.489997863770 112.440002441406 112.489997863770 113.720001220703 113.360000610352 113 112.529998779297 111.470001220703 110.330001831055 109.419998168945 108.980003356934 108.660003662109 106.900001525879 103.959999084473 100.919998168945 97.629997253418 94.3000030517578 91.8000030517578 89.2099990844727 81.2300033569336 71.984375 76.4000015258789 86 -3.4e+38 -3.4e+38 -3.4e+38 -3.4e+38 -3.4e+38 -3.4e+38 -3.4e+38 -3.4e+38 -3.4e+38 -3.4e+38 -3.4e+38 -3.4e+38 -3.4e+38
144.679992675781 145.380004882812 144.289993286133 141.029998779297 139.360000610352 139.259994506836 140.029998779297 141.75 143.660003662109 143.690002441406 140.960006713867 137.270004272461 133.399993896484 131.199996948242 129.889999389648 128.119995117188 123.870002746582 118.029998779297 115.269996643066 114.410003662109 113.739997863770 112.790000915527 112.660003662109 113.370002746582 113.050003051758 111.559997558594 110.510002136230 109.25 107.800003051758 105.519996643066 101.699996948242 98.1600036621094 95.0800018310547 92.3899993896484 88.8899993896484 83.2600021362305 78.765625 70.1666641235352 -3.4e+38 -3.4e+38 -3.4e+38 -3.4e+38 -3.4e+38 -3.4e+38 -3.4e+38 -3.4e+38 -3.4e+38 -3.4e+38 -3.4e+38 -3.4e+38 -3.4e+38 -3.4e+38 -3.4e+38
143.009994506836 142.190002441406 140.009994506836 136.139999389648 134.639999389648 136.229995727539 137.660003662109 139.160003662109 140.75 140.839996337891 138.559997558594 134.800003051758 131.539993286133 129.779998779297 128.330001831055 126.099998474121 123 119.970001220703 117.970001220703 116.180000305176 114 112.589996337891 113.650001525879 115.099998474121 114.889999389648 113.019996643066 111.559997558594 110.089996337891 107.809997558594 104.230003356934 99.75 95.7699966430664 92.9000015258789 90.7600021362305 86.620002746582 80.9700012207031 77.4166641235352 -3.4e+38 -3.4e+38 -3.4e+38 -3.4e+38 -3.4e+38 -3.4e+38 -3.4e+38 -3.4e+38 -3.4e+38 -3.4e+38 -3.4e+38 -3.4e+38 -3.4e+38 -3.4e+38 -3.4e+38 -3.4e+38
144.110000610352 141.929992675781 138.229995727539 134.160003662109 132.770004272461 134.220001220703 135.759994506836 136.690002441406 137.259994506836 136.979995727539 135.559997558594 133.320007324219 131.179992675781 129.199996948242 126.879997253418 124.330001831055 122.25 121.019996643066 120.779998779297 119.449996948242 116.129997253418 113.739997863770 114.569999694824 115.970001220703 115.470001220703 114.349998474121 112.970001220703 111.099998474121 108.400001525879 104.080001831055 99.0599975585938 94.5800018310547 91.3899993896484 87.7600021362305 83.3099975585938 81.2399978637695 80.3499984741211 -3.4e+38 -3.4e+38 -3.4e+38 -3.4e+38 -3.4e+38 -3.4e+38 -3.4e+38 -3.4e+38 -3.4e+38 -3.4e+38 -3.4e+38 -3.4e+38 -3.4e+38 -3.4e+38 -3.4e+38 -3.4e+38
146.869995117188 143.410003662109 138.149993896484 134.279998779297 133.399993896484 134.479995727539 135.520004272461 135.029998779297 133.279998779297 133.039993286133 133.369995117188 132.410003662109 130.330001831055 127.900001525879 124.819999694824 122.220001220703 121.580001831055 122.540000915527 123.949996948242 123.099998474121 118.739997863770 114.589996337891 114.470001220703 115.089996337891 115.019996643066 114.599998474121 113.650001525879 112.150001525879 109.290000915527 104.849998474121 99.5199966430664 94.3600006103516 90.1399993896484 85.7799987792969 81.8099975585938 79.625 81 -3.4e+38 -3.4e+38 -3.4e+38 -3.4e+38 -3.4e+38 -3.4e+38 -3.4e+38 -3.4e+38 -3.4e+38 -3.4e+38 -3.4e+38 -3.4e+38 -3.4e+38 -3.4e+38 -3.4e+38 -3.4e+38
149.529998779297 145.300003051758 139.800003051758 136.020004272461 135.210006713867 136.130004882812 136.139999389648 133.940002441406 131.380004882812 131.139999389648 132.580001831055 132.369995117188 130.029998779297 126.330001831055 121.410003662109 118.739997863770 120.389999389648 123.360000610352 125.610000610352 124.160003662109 119.730003356934 115.839996337891 114.489997863770 114 114.029998779297 114.339996337891 114.769996643066 113.620002746582 110.400001525879 105.529998779297 99.620002746582 93.9700012207031 86.3300018310547 78.75 78.21875 79 -3.4e+38 -3.4e+38 -3.4e+38 -3.4e+38 -3.4e+38 -3.4e+38 -3.4e+38 -3.4e+38 -3.4e+38 -3.4e+38 -3.4e+38 -3.4e+38 -3.4e+38 -3.4e+38 -3.4e+38 -3.4e+38 -3.4e+38
148.350006103516 146.330001831055 141.789993286133 137.949996948242 136.75 137.369995117188 136.720001220703 133.330001831055 130.529998779297 130.809997558594 132.759994506836 133.449996948242 131.190002441406 126.610000610352 121.480003356934 119.019996643066 119.889999389648 122.339996337891 124.180000305176 122.589996337891 118.639999389648 115.290000915527 113.169998168945 112.110000610352 112.389999389648 113.410003662109 114.529998779297 114.830001831055 112.120002746582 105.910003662109 98.879997253418 92.9100036621094 89.15625 77.0999984741211 77 -3.4e+38 -3.4e+38 -3.4e+38 -3.4e+38 -3.4e+38 -3.4e+38 -3.4e+38 -3.4e+38 -3.4e+38 -3.4e+38 -3.4e+38 -3.4e+38 -3.4e+38 -3.4e+38 -3.4e+38 -3.4e+38 -3.4e+38 -3.4e+38
148.179992675781 147.899993896484 143.929992675781 139.410003662109 137.949996948242 139.210006713867 137.679992675781 132.539993286133 128.809997558594 130.389999389648 133.460006713867 134.830001831055 132.240005493164 128.179992675781 124.059997558594 121.010002136230 120.040000915527 120.569999694824 121.300003051758 120.430000305176 117.809997558594 113.900001525879 110.089996337891 108.419998168945 109.120002746582 111.309997558594 113.709999084473 114.889999389648 111.730003356934 103.919998168945 95.2900009155273 89.375 90 -3.4e+38 -3.4e+38 -3.4e+38 -3.4e+38 -3.4e+38 -3.4e+38 -3.4e+38 -3.4e+38 -3.4e+38 -3.4e+38 -3.4e+38 -3.4e+38 -3.4e+38 -3.4e+38 -3.4e+38 -3.4e+38 -3.4e+38 -3.4e+38 -3.4e+38 -3.4e+38
152.130004882812 152.160003662109 147.800003051758 142.169998168945 141.630004882812 144.940002441406 142.160003662109 134.059997558594 129 131.419998168945 133.929992675781 134.669998168945 132.710006713867 129.570007324219 126.449996948242 123.440002441406 121.089996337891 119.5 118.330001831055 117.989997863770 115.720001220703 109.989997863770 105.489997863770 104.309997558594 105.160003662109 107.790000915527 111.110000610352 112.980003356934 109.379997253418 100.400001525879 92.6800003051758 89.75 -3.4e+38 -3.4e+38 -3.4e+38 -3.4e+38 -3.4e+38 -3.4e+38 -3.4e+38 -3.4e+38 -3.4e+38 -3.4e+38 -3.4e+38 -3.4e+38 -3.4e+38 -3.4e+38 -3.4e+38 -3.4e+38 -3.4e+38 -3.4e+38 -3.4e+38 -3.4e+38 -3.4e+38
155.75 155.660003662109 152.410003662109 148.789993286133 150.100006103516 154.259994506836 151.240005493164 141.220001220703 135.600006103516 135.429992675781 135.449996948242 134.630004882812 132.800003051758 130.149993896484 127.669998168945 125.069999694824 122.739997863770 120.010002136230 116.089996337891 110.220001220703 104.220001220703 100.230003356934 98.8199996948242 99.0500030517578 100.239997863770 102.230003356934 105.080001831055 107.580001831055 104.919998168945 97.0299987792969 91.421875 90 -3.4e+38 -3.4e+38 -3.4e+38 -3.4e+38 -3.4e+38 -3.4e+38 -3.4e+38 -3.4e+38 -3.4e+38 -3.4e+38 -3.4e+38 -3.4e+38 -3.4e+38 -3.4e+38 -3.4e+38 -3.4e+38 -3.4e+38 -3.4e+38 -3.4e+38 -3.4e+38 -3.4e+38
156.429992675781 157.100006103516 156.199996948242 155.139999389648 155.990005493164 157 153.190002441406 145.940002441406 140.979995727539 139.009994506836 137.389999389648 135.029998779297 132.729995727539 130.179992675781 128.050003051758 126.410003662109 125.239997863770 123.080001831055 116.580001831055 102.940002441406 91.6100006103516 91.6600036621094 93.5999984741211 94.120002746582 94.620002746582 94.5599975585938 96.0599975585938 100.720001220703 101.769996643066 97.765625 91 -3.4e+38 -3.4e+38 -3.4e+38 -3.4e+38 -3.4e+38 -3.4e+38 -3.4e+38 -3.4e+38 -3.4e+38 -3.4e+38 -3.4e+38 -3.4e+38 -3.4e+38 -3.4e+38 -3.4e+38 -3.4e+38 -3.4e+38 -3.4e+38 -3.4e+38 -3.4e+38 -3.4e+38 -3.4e+38
156.869995117188 159.199996948242 159.580001831055 159.169998168945 158.360000610352 156.820007324219 152.889999389648 147.360000610352 142.600006103516 140.020004272461 137.800003051758 134.880004882812 131.949996948242 129.300003051758 127.620002746582 127 127.180000305176 126.860000610352 121.580001831055 106.879997253418 98.6999969482422 103.910003662109 98.5599975585938 91.1699981689453 89.7200012207031 86.4899978637695 85.2399978637695 91.6900024414062 98.78125 98 -3.4e+38 -3.4e+38 -3.4e+38 -3.4e+38 -3.4e+38 -3.4e+38 -3.4e+38 -3.4e+38 -3.4e+38 -3.4e+38 -3.4e+38 -3.4e+38 -3.4e+38 -3.4e+38 -3.4e+38 -3.4e+38 -3.4e+38 -3.4e+38 -3.4e+38 -3.4e+38 -3.4e+38 -3.4e+38 -3.4e+38
159.729995727539 162.110000610352 162.779998779297 161.929992675781 159.610000610352 156.050003051758 151.600006103516 147.059997558594 142.440002441406 139.699996948242 137.839996337891 134.830001831055 131.440002441406 128.429992675781 126.860000610352 126.910003662109 128.270004272461 128.110000610352 124.349998474121 115.930000305176 107.830001831055 102.540000915527 97.515625 90.6999969482422 88.8000030517578 95.260871887207 95.9700012207031 95.71875 98 -3.4e+38 -3.4e+38 -3.4e+38 -3.4e+38 -3.4e+38 -3.4e+38 -3.4e+38 -3.4e+38 -3.4e+38 -3.4e+38 -3.4e+38 -3.4e+38 -3.4e+38 -3.4e+38 -3.4e+38 -3.4e+38 -3.4e+38 -3.4e+38 -3.4e+38 -3.4e+38 -3.4e+38 -3.4e+38 -3.4e+38 -3.4e+38
162.369995117188 165.389999389648 166.240005493164 164.539993286133 160.529998779297 155.179992675781 150.550003051758 146.539993286133 142.550003051758 139.809997558594 138.240005493164 135.369995117188 131.419998168945 128.380004882812 127.199996948242 127.830001831055 129.160003662109 128.419998168945 125.730003356934 121.379997253418 114.970001220703 105.709999084473 98.816665649414 -3.4e+38 -3.4e+38 100 99.1999969482422 98 -3.4e+38 -3.4e+38 -3.4e+38 -3.4e+38 -3.4e+38 -3.4e+38 -3.4e+38 -3.4e+38 -3.4e+38 -3.4e+38 -3.4e+38 -3.4e+38 -3.4e+38 -3.4e+38 -3.4e+38 -3.4e+38 -3.4e+38 -3.4e+38 -3.4e+38 -3.4e+38 -3.4e+38 -3.4e+38 -3.4e+38 -3.4e+38 -3.4e+38
164.779998779297 167.729995727539 169.320007324219 166.990005493164 161.160003662109 154.860000610352 150.149993896484 146.869995117188 144.119995117188 141.979995727539 139.550003051758 135.910003662109 131.75 129.470001220703 129.169998168945 130.139999389648 130.759994506836 129.919998168945 127.519996643066 124.349998474121 120.300003051758 111 100.947914123535 100.111114501953 -3.4e+38 -3.4e+38 -3.4e+38 -3.4e+38 -3.4e+38 -3.4e+38 -3.4e+38 -3.4e+38 -3.4e+38 -3.4e+38 -3.4e+38 -3.4e+38 -3.4e+38 -3.4e+38 -3.4e+38 -3.4e+38 -3.4e+38 -3.4e+38 -3.4e+38 -3.4e+38 -3.4e+38 -3.4e+38 -3.4e+38 -3.4e+38 -3.4e+38 -3.4e+38 -3.4e+38 -3.4e+38 -3.4e+38
