pkg/rmaxent/inst/layers/frs6190_ann.asc
NCOLS 122 
NROWS 160 
XLLCORNER -94.8 
YLLCORNER -56.45 
CELLSIZE 0.5 
NODATA_value -3.4e+38 
[rows 52 to 77 of 160, columns 59 to 117 of 122]
0 0 0 0 0 0 0 0 0 0 0 0 0 0.0199999995529652 0 0.100000001490116 0.0199999995529652 0 0 0 0 0 0 0 0 0 0 0 0 0 0 0 0 0.0199999995529652 0.490000009536743 1 0.860000014305115 0.910000026226044 0.990000009536743 0 0 0 0 0 0 0 0 0.0666666701436043 0.111111111938953 0 0 0 -3.4e+38 -3.4e+38 -3.4e+38 -3.4e+38 -3.4e+38 -3.4e+38 -3.4e+38
0 0 0 0 0 0 0 0 0 0 0 0 0 0 0 0 0 0 0 0 0 0 0 0 0.200000002980232 0.379999995231628 0 0 0 0 0 0.319999992847443 0.899999976158142 0.899999976158142 1.30999994277954 1.89999997615814 1.83000004291534 1.95000004768372 1.29999995231628 0 0 0 0 0 0 0 0 1.09000003337860 1.79999995231628 0.270000010728836 0 0 0 -3.4e+38 -3.4e+38 -3.4e+38 -3.4e+38 -3.4e+38 -3.4e+38
0 0 0 0 0 0 0 0 0 0 0 0 0 0 0 0 0 0 0 0 0.0500000007450581 0.0700000002980232 0 0 0 0.0199999995529652 0 0.360000014305115 0.610000014305115 0.430000007152557 0.899999976158142 0.980000019073486 1 1.25999999046326 2.16000008583069 2.38000011444092 2.84999990463257 3.26999998092651 1.32000005245209 0 0 0 0.200000002980232 0.899999976158142 0.379999995231628 0 0 2.54999995231628 5.69000005722046 2.97000002861023 0 0 0 0.333333343267441 1 -3.4e+38 -3.4e+38 -3.4e+38 -3.4e+38
0 0 0 0 0 0 0 0 0 0 0 0 0 0 0 0.259999990463257 0.899999976158142 0.379999995231628 0 0.349999994039536 1.24000000953674 1.32000005245209 0.5 0.0500000007450581 0.0700000002980232 0.349999994039536 0.899999976158142 1.64999997615814 2.69000005722046 2.41000008583069 1.51999998092651 1 1 1.5 2.19000005722046 2.22000002861023 2.22000002861023 2.28999996185303 1.60000002384186 0.449999988079071 0 0 0 0.100000001490116 0.0199999995529652 0 0.289999991655350 2.98000001907349 6.17000007629395 3.92000007629395 0.0900000035762787 0 0 0 0.0625 0 -3.4e+38 -3.4e+38 -3.4e+38
0 0 0 0 0 0 0 0 0 0 0 0 0 0 0 0.46000000834465 0.800000011920929 0.0199999995529652 0.319999992847443 1.22000002861023 1.98000001907349 1.60000002384186 1.04999995231628 1.3400000333786 1.44000005722046 1.32000005245209 2.08999991416931 2.82999992370605 4.57999992370605 4.67000007629395 2.52999997138977 1 1.13999998569489 2.33999991416931 3.72000002861023 3.98000001907349 3.03999996185303 2.70000004768372 2.51999998092651 0.600000023841858 0 0.289999991655350 0.52999997138977 0 0 0 0.620000004768372 2.77999997138977 4.13000011444092 2.89000010490417 1.38999998569489 0.469999998807907 0 0 0 0 0 -3.4e+38 -3.4e+38
0 0 0 0 0 0 0 0 0 0 0 0 0 0 0.200000002980232 0.980000019073486 1 0.899999976158142 0.980000019073486 1.37000000476837 1.74000000953674 1.36000001430511 2.18000006675720 3.09999990463257 2.94000005722046 2.63000011444092 4.05000019073486 5.01000022888184 5.82000017166138 4.75 2.25 0.800000011920929 0.280000001192093 0.519999980926514 1.78999996185303 3.54999995231628 3.85999989509583 3.30999994277954 2.24000000953674 0.629999995231628 0 0.699999988079071 1.3400000333786 0.899999976158142 0.439999997615814 0 0.0900000035762787 2.23000001907349 4.09999990463257 2.59999990463257 2 1.11000001430511 0 0 0 0 0 0.0222222227603197 0.0444444455206394
0 0 0 0 0 0 0 0 0 0 0 0 0 0.0199999995529652 0.0399999991059303 0.100000001490116 0.620000004768372 1 0.800000011920929 0.990000009536743 1.6599999666214 1 2.26999998092651 3.97000002861023 3.33999991416931 3.08999991416931 5.15000009536743 5.98000001907349 5.42000007629395 3.5699999332428 1.87000000476837 1.20000004768372 1.3400000333786 1.02999997138977 1.24000000953674 2.75999999046326 3 3.0699999332428 1.85000002384186 1.24000000953674 0.439999997615814 0.990000009536743 0.899999976158142 0.180000007152557 0.419999986886978 0.439999997615814 0.349999994039536 2.79999995231628 4.55999994277954 2.63000011444092 2 1.29999995231628 0 0.0500000007450581 0.0700000002980232 0 0.0199999995529652 0.819999992847443 1.12000000476837
0.899999976158142 0.899999976158142 0.899999976158142 0.899999976158142 0.379999995231628 0 0 0 0 0 0 0 0 0.569999992847443 0.889999985694885 0.289999991655350 1.02999997138977 1.19000005722046 1.04999995231628 1.25999999046326 2 1.89999997615814 2.70000004768372 4.23000001907349 4.09000015258789 3.10999989509583 4.65000009536743 6.67999982833862 5.53000020980835 3.91000008583069 3.58999991416931 3.13000011444092 2.71000003814697 1.98000001907349 1.77999997138977 2.29999995231628 2.46000003814697 4.03000020980835 3.60999989509583 3.17000007629395 1.89999997615814 1 1.10000002384186 1.15999996662140 0.519999980926514 0.360000014305115 1.22000002861023 2.51999998092651 3.63000011444092 3.01999998092651 1.98000001907349 1.14999997615814 0.200000002980232 1.05999994277954 1.15999996662140 0.379999995231628 0.569999992847443 2.74000000953674 3.05999994277954
1 1 0.680000007152557 0.100000001490116 0.0199999995529652 0 0 0 0 0 0 0 0 0.409999996423721 0.6700000166893 0.870000004768372 2.42000007629395 2.75999999046326 2.09999990463257 1.21000003814697 1.75 2.41000008583069 2.99000000953674 3.85999989509583 4.90999984741211 3.96000003814697 3.61999988555908 4.5 4.26999998092651 4 4 3.54999995231628 2.33999991416931 2 2.31999993324280 2.00999999046326 3.55999994277954 5.78000020980835 4.67000007629395 3.3199999332428 2.33999991416931 1.29999995231628 0.730000019073486 0.280000001192093 0.0199999995529652 0 1.12000000476837 2.36999988555908 2.52999997138977 2.78999996185303 1.60000002384186 0.400000005960464 0.0799999982118607 0.230000004172325 0.270000010728836 0.0199999995529652 0.5 2.57999992370605 4.05000019073486
0.100000001490116 0.100000001490116 0.0199999995529652 0 0 0 0 0.259999990463257 0.379999995231628 0 0.289999991655350 0.899999976158142 0.469999998807907 0 0.419999986886978 2.54999995231628 5.09000015258789 4.57000017166138 3.78999996185303 3.5 3.55999994277954 3.72000002861023 3.5 3.47000002861023 4.09000015258789 4.01000022888184 3.65000009536743 3.61999988555908 4.19999980926514 4.90000009536743 4.40999984741211 2.89000010490417 1.79999995231628 2.83999991416931 2.22000002861023 1.11000001430511 2.14000010490417 3.25 2.02999997138977 0.6700000166893 0.439999997615814 0.340000003576279 0.119999997317791 0 0 0 0.170000001788139 0.439999997615814 1.44000005722046 3.09999990463257 3.40000009536743 2.5 1.29999995231628 0.379999995231628 0 0 0.699999988079071 1.76999998092651 1.32000005245209
0 0 0 0 0 0 0.259999990463257 0.689999997615814 0.100000001490116 0 0.699999988079071 1.88999998569489 1.00999999046326 0.200000002980232 0.519999980926514 1.83000004291534 5.84999990463257 7.23999977111816 5.57999992370605 4.63999986648560 4.05000019073486 4.01999998092651 4.03000020980835 3.51999998092651 3.09999990463257 3.52999997138977 4 3.98000001907349 4.05000019073486 4.73000001907349 4.34000015258789 1.98000001907349 1.04999995231628 2.07999992370605 1.3400000333786 0.730000019073486 1.57000005245209 2.20000004768372 1.70000004768372 0.579999983310699 0.209999993443489 0.930000007152557 1.32000005245209 0 0 0 0 0.0500000007450581 1.25999999046326 2.69000005722046 2.29999995231628 2.05999994277954 1.19000005722046 0.0299999993294477 0 0.200000002980232 1 1.08000004291534 0.72000002861023
0 0 0.200000002980232 0.379999995231628 0 0 0.490000009536743 1.26999998092651 1.32000005245209 0.899999976158142 0.990000009536743 1.09000003337860 0.620000004768372 0 0.0199999995529652 1.21000003814697 4.98000001907349 7.94000005722046 7.90000009536743 6.80999994277954 5.1399998664856 4.78999996185303 4.69999980926514 3.02999997138977 2.79999995231628 2.90000009536743 3.79999995231628 3.29999995231628 4.57999992370605 5.69999980926514 4.05999994277954 1.69000005722046 1.14999997615814 1.85000002384186 0.9200000166893 1.72000002861023 2.67000007629395 4.07999992370605 3.34999990463257 2.5 2.29999995231628 1.05999994277954 0.790000021457672 0.109999999403954 0.200000002980232 0.100000001490116 0.289999991655350 1.24000000953674 1.87000000476837 1.36000001430511 0.400000005960464 0.400000005960464 0.159999996423721 0 0 0 1.21000003814697 2.38000011444092 1.75999999046326
0.899999976158142 0.469999998807907 0 0.0700000002980232 0.189999997615814 0.449999988079071 1.36000001430511 1.98000001907349 1.69000005722046 1.04999995231628 1.19000005722046 0.899999976158142 0.100000001490116 0 0.109999999403954 0.699999988079071 2.54999995231628 5.5 7.3600001335144 7.75 7.11999988555908 6.25 5.03000020980835 3.45000004768372 3.04999995231628 2.8199999332428 3.53999996185303 5.13000011444092 5.34999990463257 4.53999996185303 1.91999995708466 0.740000009536743 1.5 2.20000004768372 0.77999997138977 2.13000011444092 3.97000002861023 5.09000015258789 3.29999995231628 2.85999989509583 2.79999995231628 0.769999980926514 0.449999988079071 1.55999994277954 2.49000000953674 1.45000004768372 0.699999988079071 1.91999995708466 1.5900000333786 0.620000004768372 0 0 0 0 0 0.200000002980232 1.55999994277954 2.78999996185303 1.71000003814697
1.89999997615814 1.07000005245209 0.349999994039536 1.24000000953674 1.96000003814697 2.55999994277954 2.26999998092651 2.30999994277954 2.53999996185303 2.24000000953674 2.69000005722046 2.29999995231628 1.45000004768372 0.949999988079071 1.51999998092651 1.6599999666214 0.899999976158142 2.38000011444092 4.17999982833862 5.96999979019165 6.94000005722046 6.23999977111816 4.44000005722046 3.4300000667572 4.05000019073486 3.33999991416931 2.8199999332428 5.1100001335144 5.55000019073486 2.69000005722046 0.280000001192093 0.0199999995529652 0.870000004768372 1.33000004291534 0.0900000035762787 1.14999997615814 4.01999998092651 5.30000019073486 3.02999997138977 3 2.54999995231628 1.04999995231628 0.819999992847443 2.51999998092651 2.96000003814697 1.54999995231628 1 0.810000002384186 0.280000001192093 0.0199999995529652 0 0 0 0 0 0 0.289999991655350 0.810000002384186 0.730000019073486
1.14999997615814 1.20000004768372 1.47000002861023 2.13000011444092 2.49000000953674 2.85999989509583 2.22000002861023 3.16000008583069 3.96000003814697 2.99000000953674 3 3 2.76999998092651 2 1.79999995231628 2.82999992370605 2.32999992370605 1.92999994754791 1.58000004291534 3.0699999332428 5.36999988555908 5.5 4.61999988555908 3.55999994277954 2.44000005722046 1.49000000953674 1.70000004768372 3.55999994277954 4.01999998092651 1.28999996185303 0 0 0.52999997138977 0.77999997138977 0.419999986886978 1.32000005245209 3.59999990463257 4.94000005722046 3.40000009536743 3.29999995231628 2.10999989509583 0.889999985694885 1.8400000333786 1.87999999523163 1.37000000476837 0.740000009536743 0.100000001490116 0.560000002384186 1.11000001430511 0.569999992847443 0.100000001490116 0.0199999995529652 0.409999996423721 0.52999997138977 0 0 0 0 0.0199999995529652
2.21000003814697 3.27999997138977 4.26999998092651 4.11000013351440 3.41000008583069 3.76999998092651 3.70000004768372 4.15000009536743 4.46999979019165 3.91000008583069 3.90000009536743 3.44000005722046 3 2.29999995231628 1.4099999666214 2.71000003814697 3.72000002861023 3.58999991416931 2.14000010490417 0.860000014305115 2.55999994277954 4.44000005722046 5.28000020980835 3.25 1.15999996662140 1 1.66999995708466 3.20000004768372 2.47000002861023 0.159999996423721 0.200000002980232 0.899999976158142 0.980000019073486 1.21000003814697 1.72000002861023 1.66999995708466 2.55999994277954 5.44999980926514 7.09000015258789 6.09000015258789 3.14000010490417 1.05999994277954 1.69000005722046 1.98000001907349 1.05999994277954 0.0299999993294477 0 1.61000001430511 3.05999994277954 1.98000001907349 1.33000004291534 0.550000011920929 1.63999998569489 1.41999995708466 0.899999976158142 0.469999998807907 0 0 0
2.47000002861023 6.53000020980835 9.06999969482422 7.61999988555908 5.86999988555908 5 4.36999988555908 4 4.01999998092651 3.74000000953674 3.58999991416931 3.73000001907349 3.08999991416931 2.25999999046326 1 1.6599999666214 3.29999995231628 4.21999979019165 1.99000000953674 1.03999996185303 3.02999997138977 4.19000005722046 3.79999995231628 1.48000001907349 0.509999990463257 1.23000001907349 1.72000002861023 1.41999995708466 0.860000014305115 0 0 0.560000002384186 1 1.33000004291534 2.28999996185303 2.64000010490417 3.30999994277954 5.94000005722046 7.15999984741211 6.34999990463257 3.6800000667572 2.05999994277954 2.14000010490417 1.25999999046326 0.159999996423721 0 0 0.75 1.49000000953674 1.24000000953674 0.730000019073486 0.0900000035762787 0.610000014305115 1.29999995231628 1.82000005245209 1.00999999046326 0.259999990463257 0.84375 0
1.39999997615814 5.19999980926514 8.89000034332275 8.97999954223633 7.48999977111816 6.19000005722046 4.03999996185303 3.55999994277954 4 3.71000003814697 3.84999990463257 5.17000007629395 4.21000003814697 2.01999998092651 1.9099999666214 1.54999995231628 2.60999989509583 4.46000003814697 2.63000011444092 1.42999994754791 2.58999991416931 2.22000002861023 0.689999997615814 0.159999996423721 0 0.850000023841858 1.25999999046326 0.159999996423721 0.0199999995529652 0 0 0.400000005960464 0.740000009536743 0.540000021457672 2.42000007629395 4.65000009536743 5.57000017166138 7.23000001907349 8.23999977111816 6.61999988555908 3.35999989509583 0.870000004768372 0.439999997615814 0.159999996423721 0.360000014305115 0.709999978542328 0.519999980926514 1.19000005722046 1.15999996662140 0.740000009536743 0.0199999995529652 0 0 0.230000004172325 0.610000014305115 0.680000007152557 0.0625 1 -3.4e+38
0.469999998807907 2.21000003814697 3.88000011444092 4.38000011444092 5.1399998664856 6.42999982833862 5.69999980926514 3.72000002861023 3.73000001907349 4.07999992370605 4.96000003814697 6.07999992370605 4.69999980926514 1.74000000953674 1.55999994277954 1.29999995231628 1.75999999046326 3.79999995231628 2.66000008583069 1.70000004768372 2.59999990463257 1.3400000333786 0 0 0 0.0900000035762787 0.790000021457672 0.8299999833107 0 0 0 0.400000005960464 0.600000023841858 0 1.05999994277954 2.88000011444092 3.5699999332428 5.40000009536743 7.69999980926514 5.96999979019165 2.72000002861023 0.430000007152557 0.550000011920929 0.469999998807907 1.26999998092651 3.30999994277954 3.33999991416931 3.34999990463257 2.77999997138977 0.540000021457672 0 0 0.200000002980232 0.379999995231628 0 0.09375 0 -3.4e+38 -3.4e+38
0 0.289999991655350 0.810000002384186 1.4099999666214 1.9099999666214 3.00999999046326 4.07999992370605 4.8899998664856 4.71999979019165 3.52999997138977 4.03000020980835 5.09999990463257 2.75 1.5 1.58000004291534 1.00999999046326 1.12999999523163 1.79999995231628 1.41999995708466 1.62999999523163 2.96000003814697 1.20000004768372 0 0 0 0 0.0900000035762787 0.150000005960464 0 0 0 0.400000005960464 0.540000021457672 0 0.409999996423721 1.47000002861023 1.6599999666214 3.61999988555908 6.6100001335144 5.46000003814697 4.21000003814697 3.99000000953674 3.60999989509583 0.980000019073486 0.259999990463257 3.25999999046326 6.71000003814697 4.88000011444092 1.52999997138977 0.0299999993294477 0 0 0 0.0199999995529652 0 0 -3.4e+38 -3.4e+38 -3.4e+38
0 0 0 0.100000001490116 0.230000004172325 0.409999996423721 1.25999999046326 3.08999991416931 3.99000000953674 3.92000007629395 4.82999992370605 5.09000015258789 2.77999997138977 2.19000005722046 1.75999999046326 1.04999995231628 0.740000009536743 0.629999995231628 0.709999978542328 1.28999996185303 2.42000007629395 0.72000002861023 0 0 0 0 0.0199999995529652 0.0399999991059303 0 0 0.289999991655350 0.709999978542328 0.170000001788139 0 0 0.230000004172325 0.270000010728836 2.24000000953674 4.86999988555908 4.28000020980835 4.28999996185303 5.05000019073486 3.55999994277954 0.170000001788139 0.0599999986588955 1.95000004768372 6.34999990463257 6.11999988555908 1.08000004291534 0.100000001490116 0.239999994635582 0.0500000007450581 0 0 0 0 -3.4e+38 -3.4e+38 -3.4e+38
0 0 0 0.200000002980232 0.379999995231628 0 0.0900000035762787 0.759999990463257 2.13000011444092 4.03999996185303 6.94999980926514 7.88000011444092 5.23999977111816 4.25 3.40000009536743 2.11999988555908 0.730000019073486 0.759999990463257 1.15999996662140 1.38999998569489 2.61999988555908 1.22000002861023 0.209999993443489 0.0500000007450581 0 0.0199999995529652 0.660000026226044 0.8299999833107 0 0 0.620000004768372 2 1.83000004291534 0.439999997615814 0.0599999986588955 0.200000002980232 0.100000001490116 1.62999999523163 3.90000009536743 3.58999991416931 2.84999990463257 2.61999988555908 1.57000005245209 0 0.9200000166893 2.10999989509583 3.53999996185303 6.26999998092651 3.78999996185303 1.20000004768372 2.32999992370605 0.850000023841858 0 0 0 0 -3.4e+38 -3.4e+38 -3.4e+38
0 0 0 0 0.0199999995529652 0.200000002980232 0.379999995231628 0 1.04999995231628 2.8199999332428 6.32000017166138 9.68000030517578 7.65000009536743 6.11999988555908 5.44000005722046 3.97000002861023 1.96000003814697 1.26999998092651 2.10999989509583 2.99000000953674 3.47000002861023 2.85999989509583 2.45000004768372 1.32000005245209 0.400000005960464 0.899999976158142 1.15999996662140 0.159999996423721 0 0 0.0900000035762787 1.42999994754791 2.21000003814697 0.540000021457672 0.9200000166893 2.38000011444092 1.28999996185303 0.850000023841858 2.33999991416931 2.27999997138977 2 1.5900000333786 0.620000004768372 0 0.810000002384186 2.05999994277954 1.82000005245209 2.09999990463257 2.15000009536743 0.280000001192093 0.589999973773956 0.159999996423721 0 0 0 -3.4e+38 -3.4e+38 -3.4e+38 -3.4e+38
0 0 0 0 0 0 0.0199999995529652 0 1.42999994754791 3.1800000667572 4.23999977111816 8.27999973297119 10.3199996948242 9.3100004196167 7.42999982833862 5.21000003814697 2.5699999332428 1 1.60000002384186 2.99000000953674 4.25 5.13000011444092 6 4.92999982833862 4.13999986648560 3.09999990463257 1.14999997615814 0 0 0 0 1.14999997615814 1.71000003814697 0.129999995231628 1.14999997615814 1.5900000333786 0.280000001192093 0.0900000035762787 0.980000019073486 2 1.30999994277954 0.280000001192093 0.0199999995529652 0 0.0900000035762787 0.409999996423721 0.270000010728836 0.170000001788139 0.479999989271164 0.97000002861023 1.02999997138977 0 0 0 -3.4e+38 -3.4e+38 -3.4e+38 -3.4e+38 -3.4e+38
0 0 0 0 0 0 0 0 1.17999994754791 3.73000001907349 4.84999990463257 6.46999979019165 9.22000026702881 8.35000038146973 4.92999982833862 2.69000005722046 1.51999998092651 0.699999988079071 1.49000000953674 3.74000000953674 6.76999998092651 8.30000019073486 7.76000022888184 6.73000001907349 5.51000022888184 2.59999990463257 0.209999993443489 0 0 0.0199999995529652 0.379999995231628 0.800000011920929 0.270000010728836 1.20000004768372 3.15000009536743 2.02999997138977 0 0 0.409999996423721 1.09000003337860 0.620000004768372 0 0 0 0 0.259999990463257 0.959999978542328 1.10000002384186 2.47000002861023 4.01999998092651 1.99000000953674 0 0 0 -3.4e+38 -3.4e+38 -3.4e+38 -3.4e+38 -3.4e+38
0 0 0 0 0 0 0 0 0.170000001788139 1.01999998092651 1.8400000333786 2.78999996185303 4.86999988555908 4.42999982833862 2.41000008583069 1.74000000953674 1.25 1.02999997138977 2.02999997138977 5.90999984741211 8.39000034332275 8.77999973297119 7.15000009536743 6.1100001335144 4.19000005722046 2.04999995231628 0.850000023841858 0 0 0.550000011920929 1.01999998092651 0.479999989271164 0.569999992847443 0.540000021457672 1.20000004768372 0.9200000166893 0 0 0 0.100000001490116 0.0199999995529652 0 0 0 0.0599999986588955 0.569999992847443 1.86000001430511 3.38000011444092 2.73000001907349 1.37000000476837 0.400000005960464 0 0 0 -3.4e+38 -3.4e+38 -3.4e+38 -3.4e+38 -3.4e+38
