pkg/rmaxent/inst/layers/frs6190_ann.asc
NCOLS 122 
NROWS 160 
XLLCORNER -94.8 
YLLCORNER -56.45 
CELLSIZE 0.5 
NODATA_value -3.4e+38 
[rows 78 to 103 of 160, columns 59 to 117 of 122]
0 0 0 0 0 0 0 0 0 0 0.5 2.69000005722046 4.03999996185303 1.8400000333786 1.11000001430511 1.29999995231628 1.41999995708466 0.620000004768372 0.400000005960464 3.46000003814697 7.40999984741211 8.1899995803833 8.98999977111816 8.34000015258789 4.38000011444092 1.42999994754791 0.159999996423721 0 0 0.189999997615814 0.930000007152557 1.17999994754791 2.01999998092651 2.83999991416931 1.64999997615814 0.540000021457672 0 0 0 0 0 0 0 0.0599999986588955 1.13999998569489 1.64999997615814 1.17999994754791 2.36999988555908 1.37999999523163 0.0299999993294477 0 0 0 0 -3.4e+38 -3.4e+38 -3.4e+38 -3.4e+38 -3.4e+38
0 0 0 0 0 0 0 0 0 0 0 1.41999995708466 2.06999993324280 0.280000001192093 0.100000001490116 0.230000004172325 0.270000010728836 0.0199999995529652 0 1.98000001907349 4.82000017166138 5.15000009536743 7.42999982833862 8.47999954223633 4.94000005722046 1.6599999666214 0.72000002861023 0.159999996423721 0 1.27999997138977 3.05999994277954 3.25999999046326 3.13000011444092 2.05999994277954 0.379999995231628 0.0199999995529652 0 0 0 0 0 0 0 1 2.88000011444092 2.74000000953674 1.75 1.25999999046326 0.180000007152557 0.0700000002980232 0 0 0.259999990463257 0.899999976158142 -3.4e+38 -3.4e+38 -3.4e+38 -3.4e+38 -3.4e+38
1.35000002384186 0.0500000007450581 0 0 0 0 0 0 0 0 0 0.170000001788139 0.270000010728836 0 0 0 0 0 0 0.330000013113022 1.85000002384186 4.69999980926514 8.77000045776367 10.0500001907349 5.78000020980835 3.13000011444092 3.82999992370605 2.36999988555908 0.479999989271164 1.12000000476837 1.12999999523163 1.30999994277954 2.16000008583069 1.19000005722046 0.259999990463257 0.5 0 0 0 0 0 0 0.200000002980232 1.55999994277954 2.25 1.14999997615814 0.689999997615814 0.52999997138977 0.75 1.25 0.379999995231628 0 0.0625 1 -3.4e+38 -3.4e+38 -3.4e+38 -3.4e+38 -3.4e+38
16.0200004577637 2.88000011444092 0.639999985694885 0.300000011920929 0 0 0 0 0 0 0 0 0 0 0 0 0 0 0 0 1.47000002861023 5.84999990463257 10.4899997711182 11.3000001907349 8.97000026702881 8.39000034332275 8.68000030517578 6.19999980926514 2.46000003814697 0.109999999403954 0.0199999995529652 0.0900000035762787 0.389999985694885 0.159999996423721 0.340000003576279 1 0.379999995231628 0 0 0 0 0 0 0.289999991655350 0.370000004768372 0.839999973773956 2.97000002861023 3.83999991416931 1.92999994754791 0.800000011920929 0.0199999995529652 0 0 -3.4e+38 -3.4e+38 -3.4e+38 -3.4e+38 -3.4e+38 -3.4e+38
36.8800010681152 18.9699993133545 6.94999980926514 3.50999999046326 0 0 0 0 0.100000001490116 0.379999995231628 0.800000011920929 0.980000019073486 0.209999993443489 0 0 0 0 0 0 0 0.560000002384186 3.76999998092651 7.67999982833862 9.35999965667725 10.2399997711182 8.60000038146973 5.92999982833862 4 1.85000002384186 0 0 0 0 0 0 0.100000001490116 0.0199999995529652 0 0 0 0 0 0 0 0 1.00999999046326 3.51999998092651 3.82999992370605 1.85000002384186 0.680000007152557 0 0 0 -3.4e+38 -3.4e+38 -3.4e+38 -3.4e+38 -3.4e+38 -3.4e+38
27.6100006103516 14.7100000381470 8.8100004196167 4.82999992370605 0 0 0 0 1.36000001430511 3.89000010490417 5.63000011444092 5.71999979019165 2.22000002861023 0 0 0 0 0 0 0 0 1.21000003814697 3.41000008583069 5.96999979019165 8.9399995803833 7.96999979019165 3.40000009536743 0.6700000166893 0.270000010728836 0 0 0 0 0 0 0 0 0 0 0 0 0 0 0 0 0.170000001788139 1.02999997138977 2.58999991416931 3.40000009536743 1.66999995708466 0.0500000007450581 0 0 -3.4e+38 -3.4e+38 -3.4e+38 -3.4e+38 -3.4e+38 -3.4e+38
22.7900009155273 11.0399999618530 3.90000009536743 1.91999995708466 0.0500000007450581 0 0 0 1.87000000476837 4.05000019073486 3.66000008583069 2.6800000667572 0.509999990463257 0 0 0 0 0 0 0 0.0199999995529652 0.129999995231628 0.479999989271164 2.63000011444092 6.42000007629395 6.84999990463257 3.24000000953674 0.00999999977648258 0 0 0 0 0 0.0199999995529652 0.0399999991059303 0 0 0.0599999986588955 0.150000005960464 0 0 0 0.289999991655350 0.560000002384186 0.389999985694885 0.379999995231628 0.430000007152557 3.08999991416931 5.21000003814697 2.96000003814697 0.899999976158142 0 -3.4e+38 -3.4e+38 -3.4e+38 -3.4e+38 -3.4e+38 -3.4e+38 -3.4e+38
35.9199981689453 18.1100006103516 2.28999996185303 1.11000001430511 1.12999999523163 0 0 0.259999990463257 1.17999994754791 1.54999995231628 1.39999997615814 0.889999985694885 0 0 0 0 0 0 0 0 0.550000011920929 0.8299999833107 0 1.57000005245209 3.5 2.51999998092651 1.45000004768372 0.449999988079071 0 0 0 0 0 0.550000011920929 0.8299999833107 0 0 1.09000003337860 1.92999994754791 0.569999992847443 0 0.109999999403954 0.850000023841858 1.75999999046326 1.03999996185303 0.0199999995529652 0.740000009536743 2.58999991416931 4.25 3.40000009536743 0.759999990463257 0 -3.4e+38 -3.4e+38 -3.4e+38 -3.4e+38 -3.4e+38 -3.4e+38 -3.4e+38
58.1800003051758 22.5900001525879 4.28000020980835 3.1800000667572 3.14000010490417 0.0900000035762787 0 0.5 1.37999999523163 1.85000002384186 1.79999995231628 1.27999997138977 0.439999997615814 0 0 0 0 0 0 0 0.0900000035762787 0.150000005960464 0 0.259999990463257 0.97000002861023 0.800000011920929 0.5 0.540000021457672 0 0 0 0 0 0.0900000035762787 0.150000005960464 0 0.259999990463257 2.31999993324280 3.71000003814697 2.00999999046326 1.01999998092651 1.52999997138977 2.40000009536743 1.94000005722046 0.680000007152557 0.100000001490116 1.22000002861023 2.86999988555908 4.73000001907349 4.25 1 0.899999976158142 -3.4e+38 -3.4e+38 -3.4e+38 -3.4e+38 -3.4e+38 -3.4e+38 -3.4e+38
64.9899978637695 29.8400001525879 7.5 4.90000009536743 3.74000000953674 1.39999997615814 0.899999976158142 1.62999999523163 2.13000011444092 0.819999992847443 0.400000005960464 0.610000014305115 0.540000021457672 0 0 0 0 0 0 0 0 0 0 0.200000002980232 0.980000019073486 0.540000021457672 0 0.0199999995529652 0 0 0 0 0 0 0 0 0.400000005960464 1.87000000476837 3.15000009536743 3.1800000667572 2.52999997138977 2.24000000953674 4.28999996185303 3.39000010490417 0.730000019073486 1.50999999046326 4.42000007629395 6.92999982833862 9.68000030517578 7.21000003814697 0.296875 1 -3.4e+38 -3.4e+38 -3.4e+38 -3.4e+38 -3.4e+38 -3.4e+38 -3.4e+38
53.7299995422363 29.9899997711182 12.4200000762939 6.40999984741211 3.67000007629395 2 1.89999997615814 2.25999999046326 2.18000006675720 0.540000021457672 0 0 0.0199999995529652 0 0 0 0 0 0 0 0 0 0 0 0.100000001490116 0.0199999995529652 0 0 0 0 0 0 0 0 0 0 0.5 1.63999998569489 2.54999995231628 3.27999997138977 3.29999995231628 3.03999996185303 3.3199999332428 1.96000003814697 1.4099999666214 3.15000009536743 5.05999994277954 5.44999980926514 5.05999994277954 4.953125 0 -3.4e+38 -3.4e+38 -3.4e+38 -3.4e+38 -3.4e+38 -3.4e+38 -3.4e+38 -3.4e+38
57.0200004577637 38.0200004577637 14.5 6.51999998092651 2.53999996185303 1.11000001430511 1.5 2 1.37000000476837 0.0299999993294477 0 0 0 0 0 0 0 0 0.0199999995529652 0.0399999991059303 0 0 0 0 0 0 0 0 0 0 0 0 0 0 0 0 1.38999998569489 3.32999992370605 2.8199999332428 2.4300000667572 2.25 1.82000005245209 1.58000004291534 0.800000011920929 0.289999991655350 0.97000002861023 2.08999991416931 2.00999999046326 1.03999996185303 1.46666669845581 -3.4e+38 -3.4e+38 -3.4e+38 -3.4e+38 -3.4e+38 -3.4e+38 -3.4e+38 -3.4e+38 -3.4e+38
79.7300033569336 44.060001373291 19.7299995422363 9.39999961853027 2.18000006675720 1 1 1.10000002384186 1.00999999046326 0.449999988079071 0 0 0.259999990463257 0.5 0 0.259999990463257 0.379999995231628 0 0.569999992847443 0.889999985694885 0 0 0 0 0 0 0 0 0 0 0.0500000007450581 0.0399999991059303 0 0 0 0 1.58000004291534 5.03999996185303 5.67999982833862 4.55000019073486 5.53000020980835 5.65999984741211 3.44000005722046 0.709999978542328 0.219999998807907 0.300000011920929 1 1.22000002861023 0.140625 1 -3.4e+38 -3.4e+38 -3.4e+38 -3.4e+38 -3.4e+38 -3.4e+38 -3.4e+38 -3.4e+38 -3.4e+38
105.169998168945 34.0800018310547 11.5299997329712 5.03999996185303 0.980000019073486 0.109999999403954 0.100000001490116 0.5 1 0.540000021457672 0 0 0.400000005960464 1 0.899999976158142 0.639999985694885 0.0199999995529652 0 0.409999996423721 0.610000014305115 0 0 0 0 0 0 0 0 0 0.259999990463257 1.12000000476837 0.949999988079071 0 0 0 0 1.28999996185303 6.84999990463257 11.1000003814697 10.7600002288818 13.6599998474121 11.4799995422363 3.84999990463257 1.22000002861023 2.10999989509583 3 1.96000003814697 0.879999995231628 1.71666669845581 -3.4e+38 -3.4e+38 -3.4e+38 -3.4e+38 -3.4e+38 -3.4e+38 -3.4e+38 -3.4e+38 -3.4e+38 -3.4e+38
102.559997558594 22.5599994659424 5.21999979019165 1.98000001907349 1 0.379999995231628 0 0 0.100000001490116 0.0199999995529652 0 0 0.340000003576279 1 1 1 0.379999995231628 0 0 0.0199999995529652 0 0 0 0 0 0 0 0 0 0.400000005960464 1 1.00999999046326 0.910000026226044 0.439999997615814 0 0 1.15999996662140 7.71999979019165 15.4200000762939 15.6400003433228 14.2600002288818 12.1300001144409 5.86999988555908 1.45000004768372 0.990000009536743 0.699999988079071 0.609375 0.800000011920929 2 -3.4e+38 -3.4e+38 -3.4e+38 -3.4e+38 -3.4e+38 -3.4e+38 -3.4e+38 -3.4e+38 -3.4e+38 -3.4e+38
103.459999084473 32.0499992370605 2.40000009536743 1.02999997138977 0.740000009536743 0.0199999995529652 0 0 0 0 0 0 0 0.620000004768372 1 0.800000011920929 0.0199999995529652 0 0 0.310000002384186 0.939999997615814 0.439999997615814 0 0.0199999995529652 0.0700000002980232 0 0.200000002980232 0.52999997138977 0.219999998807907 0.589999973773956 1 1 1 0.689999997615814 0.0500000007450581 0.209999993443489 1.12000000476837 4.32999992370605 9.02000045776367 12.9300003051758 13.7799997329712 9.27000045776367 3.66000008583069 0.289999991655350 0.09375 0 0 -3.4e+38 -3.4e+38 -3.4e+38 -3.4e+38 -3.4e+38 -3.4e+38 -3.4e+38 -3.4e+38 -3.4e+38 -3.4e+38 -3.4e+38 -3.4e+38
65.0500030517578 17.1499996185303 3.30999994277954 1.01999998092651 0.660000026226044 0 0 0 0 0 0 0 0.200000002980232 0.980000019073486 1 1 0.379999995231628 0 0 1.07000005245209 2.02999997138977 0.72000002861023 0.0799999982118607 0.600000023841858 1.19000005722046 0.469999998807907 0 0.790000021457672 2.20000004768372 2.79999995231628 2.21000003814697 2.27999997138977 2.20000004768372 1.6599999666214 1.25999999046326 2.05999994277954 2.90000009536743 2.74000000953674 4.51999998092651 9.30000019073486 11.75 8.60000038146973 3 0 0 -3.4e+38 -3.4e+38 -3.4e+38 -3.4e+38 -3.4e+38 -3.4e+38 -3.4e+38 -3.4e+38 -3.4e+38 -3.4e+38 -3.4e+38 -3.4e+38 -3.4e+38 -3.4e+38
31.1399993896484 16.5699996948242 13.2600002288818 1.64999997615814 1 0.52999997138977 0 0 0 0 0 0 0 0.100000001490116 0.100000001490116 0.100000001490116 0.0199999995529652 0.0199999995529652 0.189999997615814 1.6599999666214 3.01999998092651 1.86000001430511 1.51999998092651 1.08000004291534 1.03999996185303 1.16999995708466 0.519999980926514 1.05999994277954 2.07999992370605 3.86999988555908 5.25 5.69000005722046 5 3.91000008583069 1.57000005245209 0.490000009536743 1.25999999046326 1.42999994754791 0.84375 8.60000038146973 11 -3.4e+38 -3.4e+38 -3.4e+38 -3.4e+38 -3.4e+38 -3.4e+38 -3.4e+38 -3.4e+38 -3.4e+38 -3.4e+38 -3.4e+38 -3.4e+38 -3.4e+38 -3.4e+38 -3.4e+38 -3.4e+38 -3.4e+38 -3.4e+38
30.8299999237061 23.1399993896484 11.4099998474121 3.05999994277954 1.9099999666214 1.41999995708466 0.899999976158142 0.5 0 0 0 0 0 0 0 0 0 0.6700000166893 1.96000003814697 2.77999997138977 3.21000003814697 3.28999996185303 3.67000007629395 4.07000017166138 2.22000002861023 2.25 3.15000009536743 2.67000007629395 3.22000002861023 5.38000011444092 6.98000001907349 5.76999998092651 3 2 0.280000001192093 0 0.09375 1.20000004768372 0 -3.4e+38 -3.4e+38 -3.4e+38 -3.4e+38 -3.4e+38 -3.4e+38 -3.4e+38 -3.4e+38 -3.4e+38 -3.4e+38 -3.4e+38 -3.4e+38 -3.4e+38 -3.4e+38 -3.4e+38 -3.4e+38 -3.4e+38 -3.4e+38 -3.4e+38 -3.4e+38
28.7700004577637 15.9300003051758 8 4.05999994277954 2.50999999046326 1.69000005722046 1 1 0.5 0 0 0 0 0 0 0.289999991655350 0.52999997138977 0.9200000166893 2.4300000667572 2.85999989509583 2.97000002861023 3.15000009536743 3.26999998092651 4.78000020980835 4.46999979019165 4.05000019073486 5.09000015258789 6.46999979019165 5.82000017166138 5.55999994277954 6.21999979019165 6.03999996185303 5.1100001335144 2.98000001907349 0.910000026226044 0.84375 0 -3.4e+38 -3.4e+38 -3.4e+38 -3.4e+38 -3.4e+38 -3.4e+38 -3.4e+38 -3.4e+38 -3.4e+38 -3.4e+38 -3.4e+38 -3.4e+38 -3.4e+38 -3.4e+38 -3.4e+38 -3.4e+38 -3.4e+38 -3.4e+38 -3.4e+38 -3.4e+38 -3.4e+38 -3.4e+38
27.3400001525879 13.3999996185303 7.36999988555908 4.32000017166138 3 2.42000007629395 1.5 1 1 0.899999976158142 0.899999976158142 0.5 0.0500000007450581 0.0399999991059303 0 0.620000004768372 1.25 1.20000004768372 2.60999989509583 3.77999997138977 3.25 2.02999997138977 2.01999998092651 3.60999989509583 4.15000009536743 4.15999984741211 7.07000017166138 9.6599998474121 7.84000015258789 6.26000022888184 7.01000022888184 7.59999990463257 6.8600001335144 3.20000004768372 1 1 -3.4e+38 -3.4e+38 -3.4e+38 -3.4e+38 -3.4e+38 -3.4e+38 -3.4e+38 -3.4e+38 -3.4e+38 -3.4e+38 -3.4e+38 -3.4e+38 -3.4e+38 -3.4e+38 -3.4e+38 -3.4e+38 -3.4e+38 -3.4e+38 -3.4e+38 -3.4e+38 -3.4e+38 -3.4e+38 -3.4e+38
20.7800006866455 13.3699998855591 6.94999980926514 4.55999994277954 3.45000004768372 2.66000008583069 2 1.5 1 1 1 1 1.12000000476837 0.889999985694885 0 0.0900000035762787 0.270000010728836 0.230000004172325 1.78999996185303 4.38000011444092 4.19999980926514 3.02999997138977 4.44000005722046 6.71999979019165 6.71999979019165 5.80999994277954 7.32000017166138 7.8600001335144 7.15000009536743 6.96999979019165 8.52000045776367 8.67000007629395 5.05999994277954 1 1 -3.4e+38 -3.4e+38 -3.4e+38 -3.4e+38 -3.4e+38 -3.4e+38 -3.4e+38 -3.4e+38 -3.4e+38 -3.4e+38 -3.4e+38 -3.4e+38 -3.4e+38 -3.4e+38 -3.4e+38 -3.4e+38 -3.4e+38 -3.4e+38 -3.4e+38 -3.4e+38 -3.4e+38 -3.4e+38 -3.4e+38 -3.4e+38
13.8900003433228 9.7799997329712 6.71999979019165 5.15999984741211 3.69000005722046 3 2.5 2 1.5 1 1 1 1 0.680000007152557 0 0 0 0.200000002980232 1.37999999523163 2.06999993324280 1.69000005722046 2.32999992370605 4.25 5.5 4.42999982833862 2.01999998092651 4.82999992370605 8.5 8.52999973297119 9.42000007629395 8.97999954223633 6.13000011444092 3.32999992370605 1.81666672229767 -3.4e+38 -3.4e+38 -3.4e+38 -3.4e+38 -3.4e+38 -3.4e+38 -3.4e+38 -3.4e+38 -3.4e+38 -3.4e+38 -3.4e+38 -3.4e+38 -3.4e+38 -3.4e+38 -3.4e+38 -3.4e+38 -3.4e+38 -3.4e+38 -3.4e+38 -3.4e+38 -3.4e+38 -3.4e+38 -3.4e+38 -3.4e+38 -3.4e+38
11.6199998855591 9.35000038146973 7.6399998664856 6.17000007629395 4.55999994277954 3.55999994277954 3.07999992370605 2.52999997138977 2 1.5 1 1 1 0.540000021457672 0 0 0 0 0.52999997138977 0.730000019073486 0.5 1.16999995708466 1.63999998569489 2.26999998092651 1.76999998092651 0.119999997317791 1.23000001907349 3.48000001907349 5.55999994277954 7.15000009536743 6.78999996185303 6.11999988555908 6.1100001335144 4 -3.4e+38 -3.4e+38 -3.4e+38 -3.4e+38 -3.4e+38 -3.4e+38 -3.4e+38 -3.4e+38 -3.4e+38 -3.4e+38 -3.4e+38 -3.4e+38 -3.4e+38 -3.4e+38 -3.4e+38 -3.4e+38 -3.4e+38 -3.4e+38 -3.4e+38 -3.4e+38 -3.4e+38 -3.4e+38 -3.4e+38 -3.4e+38 -3.4e+38
12.7700004577637 11.8000001907349 9.78999996185303 7.92000007629395 5.98999977111816 4.78000020980835 4.32999992370605 3.48000001907349 2.52999997138977 2 1.44000005722046 1 0.740000009536743 0.0199999995529652 0 0 0 0 0 0.0199999995529652 0 0.649999976158142 1.62999999523163 2.72000002861023 2.06999993324280 0.910000026226044 1.02999997138977 2.07999992370605 4.17999982833862 6.67000007629395 9.3100004196167 10.9899997711182 10.0600004196167 7.01666688919067 -3.4e+38 -3.4e+38 -3.4e+38 -3.4e+38 -3.4e+38 -3.4e+38 -3.4e+38 -3.4e+38 -3.4e+38 -3.4e+38 -3.4e+38 -3.4e+38 -3.4e+38 -3.4e+38 -3.4e+38 -3.4e+38 -3.4e+38 -3.4e+38 -3.4e+38 -3.4e+38 -3.4e+38 -3.4e+38 -3.4e+38 -3.4e+38 -3.4e+38
17.5499992370605 13.5900001525879 10.6300001144409 9.13000011444092 7.17999982833862 5.6100001335144 4.73000001907349 4 3.45000004768372 2.5 1.69000005722046 1 0.660000026226044 0.349999994039536 0.899999976158142 0.899999976158142 0.5 0.319999992847443 0.899999976158142 0.5 0.360000014305115 1.4099999666214 2.19000005722046 2.72000002861023 2.45000004768372 1.9099999666214 2.24000000953674 3.69000005722046 5.88000011444092 7.96999979019165 12.0500001907349 11.8100004196167 5.51000022888184 3.08333325386047 -3.4e+38 -3.4e+38 -3.4e+38 -3.4e+38 -3.4e+38 -3.4e+38 -3.4e+38 -3.4e+38 -3.4e+38 -3.4e+38 -3.4e+38 -3.4e+38 -3.4e+38 -3.4e+38 -3.4e+38 -3.4e+38 -3.4e+38 -3.4e+38 -3.4e+38 -3.4e+38 -3.4e+38 -3.4e+38 -3.4e+38 -3.4e+38 -3.4e+38
