pkg/rmaxent/inst/layers/h_dem.asc
NCOLS 122 
NROWS 160 
XLLCORNER -94.8 
YLLCORNER -56.45 
CELLSIZE 0.5 
NODATA_value -3.4e+38 
[rows 92 to 114 of 160, columns 53 to 105 of 122]
3812.25 4706.35009765625 4738.89013671875 4485.0498046875 3821.65991210938 3801.68994140625 2825.1201171875 851.27001953125 546.340026855469 333.260009765625 221.460006713867 202.559997558594 205.419998168945 197.320007324219 172.669998168945 145.960006713867 123.620002746582 114.849998474121 99.3099975585938 77.7300033569336 78.4100036621094 142.619995117188 176.919998168945 187.649993896484 364.970001220703 513.380004882812 417.859985351562 334.619995117188 314.440002441406 264.100006103516 293.170013427734 331.290008544922 326.019989013672 347.299987792969 403.459991455078 505.230010986328 558.77001953125 587.580017089844 634.809997558594 621.75 536.289978027344 591.419982910156 668.72998046875 993.400024414062 1287.93005371094 1116.61999511719 882.219970703125 865.039978027344 423.377563476562 262.666656494141 239.818176269531 173.570007324219 45.6666679382324
2761.97998046875 4628.240234375 4378.5400390625 4058.35009765625 3840.5400390625 3773.330078125 3329.21997070312 680.210021972656 330.179992675781 238.990005493164 219.539993286133 222.490005493164 206.570007324219 186.869995117188 166.770004272461 139.75 123.910003662109 110.680000305176 94.5199966430664 79.2200012207031 71.2799987792969 68.7099990844727 103.629997253418 203.669998168945 279.049987792969 455.589996337891 398.459991455078 320.720001220703 288.170013427734 269.059997558594 306.790008544922 336.459991455078 411.190002441406 570.77001953125 491.160003662109 523.239990234375 555.559997558594 598.960021972656 657.97998046875 706.260009765625 578.580017089844 570.320007324219 764.539978027344 886.77001953125 749.450012207031 771.099975585938 922.032287597656 459.405395507812 240.066665649414 116.583335876465 155.333328247070 -3.4e+38 1
2889.71997070312 4526.89990234375 4242.830078125 3968.69995117188 3600.38989257812 3490.5400390625 1878.06994628906 574.640014648438 355.010009765625 225.589996337891 203.5 201.600006103516 180.490005493164 153.630004882812 137.270004272461 123.290000915527 114.040000915527 102.690002441406 85.379997253418 75.5699996948242 67.1800003051758 64.6999969482422 116.309997558594 168.380004882812 208.199996948242 296.059997558594 322.470001220703 307.190002441406 271.920013427734 324.600006103516 372.649993896484 392.519989013672 376.859985351562 600.369995117188 657.320007324219 696.409973144531 622.25 605.150024414062 632.900024414062 628.760009765625 682.289978027344 783.070007324219 867.359985351562 643.940002441406 676.539489746094 625.44287109375 258.785705566406 -3.4e+38 -3.4e+38 -3.4e+38 -3.4e+38 -3.4e+38 -3.4e+38
4071.07006835938 3984.4599609375 4080.22998046875 4524.81005859375 3909.28002929688 3004.38989257812 1002.20001220703 942.840026855469 473.480010986328 218.330001831055 196.770004272461 186.869995117188 173.470001220703 158.5 139.970001220703 124.269996643066 119.330001831055 101.269996643066 89.0899963378906 79.9300003051758 75.120002746582 66.6600036621094 76.3600006103516 154.449996948242 188.990005493164 205.949996948242 319.970001220703 304.140014648438 291.380004882812 322.279998779297 398.970001220703 613.679992675781 533.22998046875 580.219970703125 714.380004882812 756.450012207031 864.549987792969 856.150024414062 898.409973144531 810.109985351562 491.299987792969 346.269989013672 396.402435302734 208.043472290039 1 -3.4e+38 -3.4e+38 -3.4e+38 -3.4e+38 -3.4e+38 -3.4e+38 -3.4e+38 -3.4e+38
3974.84008789062 3600.48999023438 4045.830078125 4378.22998046875 3610.27001953125 2174.96997070312 926.130004882812 994.609985351562 379.769989013672 246.960006713867 210.820007324219 191.080001831055 163.699996948242 144.080001831055 133.139999389648 125.790000915527 105.309997558594 110.519996643066 94.6699981689453 82.5299987792969 70.620002746582 65.3899993896484 65.6100006103516 154.470001220703 256.410003662109 243.009994506836 306.369995117188 272.179992675781 369.200012207031 553.309997558594 481.859985351562 585.869995117188 779.789978027344 753.530029296875 784.669982910156 872.539978027344 1080.07995605469 854.969970703125 625.299987792969 525.260009765625 187.139999389648 49.3728828430176 160.142852783203 -3.4e+38 -3.4e+38 -3.4e+38 -3.4e+38 -3.4e+38 -3.4e+38 -3.4e+38 -3.4e+38 -3.4e+38 -3.4e+38
4229.7900390625 3930.19995117188 4114.9501953125 4157.58984375 3061.46997070312 1674.23999023438 1121.05004882812 611.679992675781 348.230010986328 267.239990234375 227.690002441406 198.490005493164 168.330001831055 143.070007324219 128.139999389648 112.620002746582 96.7300033569336 84.2600021362305 74.6100006103516 69.25 65.3099975585938 78.9300003051758 110.790000915527 106.930000305176 257.910003662109 257.299987792969 253.830001831055 240.470001220703 392.519989013672 531.070007324219 623.549987792969 686.359985351562 867.010009765625 1001.88000488281 831 905.960021972656 910.890014648438 801.789978027344 873.080017089844 362.593414306641 161.677963256836 -3.4e+38 -3.4e+38 -3.4e+38 -3.4e+38 -3.4e+38 -3.4e+38 -3.4e+38 -3.4e+38 -3.4e+38 -3.4e+38 -3.4e+38 -3.4e+38
4298.259765625 4034.21997070312 4540.830078125 3774.76000976562 2441.27001953125 1859.53002929688 1124.66003417969 573.799987792969 317.730010986328 252.789993286133 221.809997558594 190.839996337891 165.389999389648 145.440002441406 124.540000915527 102.699996948242 91.7600021362305 78.1399993896484 67.5199966430664 64.3499984741211 58 66.5199966430664 160.449996948242 126.339996337891 253.669998168945 256.549987792969 242.490005493164 221.740005493164 306.070007324219 408.829986572266 507.399993896484 600.859985351562 788.450012207031 986.030029296875 960.099975585938 861.72998046875 877.47998046875 906.150024414062 791.140014648438 130.683334350586 -3.4e+38 -3.4e+38 -3.4e+38 -3.4e+38 -3.4e+38 -3.4e+38 -3.4e+38 -3.4e+38 -3.4e+38 -3.4e+38 -3.4e+38 -3.4e+38 -3.4e+38
4108.02978515625 3629.080078125 4441.2001953125 4224.9599609375 2794.2099609375 1731.93005371094 1133.48999023438 485.510009765625 268.149993896484 211.660003662109 196.179992675781 178.210006713867 156.710006713867 132.350006103516 115.769996643066 97.5 82.4100036621094 71.75 64.7799987792969 59.4700012207031 53.3199996948242 56.5699996948242 122.669998168945 108.889999389648 144.279998779297 285.690002441406 281.510009765625 226.550003051758 454.390014648438 600.789978027344 732.619995117188 772.299987792969 931.530029296875 980.469970703125 880.97998046875 799.309997558594 843.460021972656 890.299987792969 548.469970703125 33.7750015258789 -3.4e+38 -3.4e+38 -3.4e+38 -3.4e+38 -3.4e+38 -3.4e+38 -3.4e+38 -3.4e+38 -3.4e+38 -3.4e+38 -3.4e+38 -3.4e+38 -3.4e+38
4520.5 3746.06005859375 3836.15991210938 3372.830078125 2681.59008789062 1927.08996582031 608.669982910156 321.929992675781 204.669998168945 184.910003662109 177.740005493164 168.229995727539 162.279998779297 130.729995727539 107.870002746582 93.120002746582 78.0800018310547 65.0699996948242 59.310001373291 51.9900016784668 51.0800018310547 50.7999992370605 88.3000030517578 75.1800003051758 126.059997558594 244.410003662109 210.089996337891 316.619995117188 452.429992675781 474.929992675781 551.239990234375 642.190002441406 971.530029296875 1185.89001464844 1094.13000488281 1068.10998535156 679.799987792969 698.489990234375 229.529998779297 48.034481048584 -3.4e+38 -3.4e+38 -3.4e+38 -3.4e+38 -3.4e+38 -3.4e+38 -3.4e+38 -3.4e+38 -3.4e+38 -3.4e+38 -3.4e+38 -3.4e+38 -3.4e+38
3868.57006835938 2914.65991210938 2945.11010742188 2495.8798828125 2817.5 563.27001953125 315.450012207031 269.589996337891 163.679992675781 155.029998779297 155.770004272461 154.029998779297 149.539993286133 110.269996643066 89.8000030517578 83.9700012207031 74.8000030517578 65.1600036621094 57.8199996948242 54.6800003051758 55.8899993896484 55.9599990844727 66.5 76.4100036621094 111.180000305176 144.559997558594 279.510009765625 351.709991455078 288.920013427734 328.390014648438 363.809997558594 529.97998046875 643.830017089844 767.650024414062 896.369995117188 960.780029296875 704.27001953125 508.450012207031 392.459991455078 130.478256225586 -3.4e+38 -3.4e+38 -3.4e+38 -3.4e+38 -3.4e+38 -3.4e+38 -3.4e+38 -3.4e+38 -3.4e+38 -3.4e+38 -3.4e+38 -3.4e+38 -3.4e+38
3465.0400390625 2161.72998046875 1553.72998046875 1110.30004882812 1597.60998535156 498.369995117188 310.739990234375 278.739990234375 164.610000610352 146.429992675781 143.860000610352 128.199996948242 128.979995727539 77.2399978637695 69.2300033569336 69.370002746582 67.7600021362305 62.939998626709 42.7700004577637 61.75 61.5499992370605 59.7999992370605 58.5400009155273 68.8499984741211 110.050003051758 175.270004272461 203.289993286133 232.979995727539 322.100006103516 480.779998779297 476.200012207031 636.75 607.710021972656 675.289978027344 802.640014648438 897.510009765625 1009.45001220703 970.97998046875 578.299987792969 169.716979980469 -3.4e+38 -3.4e+38 -3.4e+38 -3.4e+38 -3.4e+38 -3.4e+38 -3.4e+38 -3.4e+38 -3.4e+38 -3.4e+38 -3.4e+38 -3.4e+38 -3.4e+38
3222.77001953125 1556.88000488281 1072.7900390625 731.109985351562 1806.23999023438 881.47998046875 463.880004882812 271.339996337891 136.399993896484 117.209999084473 106.989997863770 104.709999084473 79.9000015258789 64.7600021362305 58.8800010681152 57.2400016784668 54.7599983215332 47.7200012207031 47.3600006103516 65.7300033569336 63.5699996948242 56.1800003051758 55.9500007629395 65.7600021362305 84.1399993896484 93.75 173.449996948242 257.329986572266 336.549987792969 450.679992675781 531.960021972656 615.97998046875 646.349975585938 765.219970703125 903.919982910156 954.940002441406 1220.47998046875 1081.83996582031 299.369995117188 87.879997253418 -3.4e+38 -3.4e+38 -3.4e+38 -3.4e+38 -3.4e+38 -3.4e+38 -3.4e+38 -3.4e+38 -3.4e+38 -3.4e+38 -3.4e+38 -3.4e+38 -3.4e+38
2450.85009765625 1815.15002441406 2006.11999511719 836.179992675781 1003.76000976562 823.47998046875 323.160003662109 185.729995727539 114.980003356934 103.279998779297 94.0699996948242 88.4599990844727 77.3199996948242 65.1999969482422 57 53.2700004577637 49.7599983215332 40.7900009155273 48.8400001525879 60.25 61.4599990844727 60.5999984741211 57.5999984741211 55.3600006103516 62.3800010681152 102.300003051758 175.070007324219 264.940002441406 354.880004882812 395.160003662109 473.739990234375 592.669982910156 589.130004882812 653.429992675781 791.239990234375 894.719970703125 996.289978027344 314.525238037109 90.6226425170898 1 -3.4e+38 -3.4e+38 -3.4e+38 -3.4e+38 -3.4e+38 -3.4e+38 -3.4e+38 -3.4e+38 -3.4e+38 -3.4e+38 -3.4e+38 -3.4e+38 -3.4e+38
2074.67993164062 1702.38000488281 1742.85998535156 456.010009765625 296.079986572266 454.329986572266 226.360000610352 132.820007324219 199.039993286133 206.339996337891 96.4599990844727 89.1900024414062 72.0699996948242 62.8899993896484 53.0699996948242 48.1399993896484 44.6100006103516 28.1800003051758 45.8300018310547 56.2599983215332 84.1699981689453 63.0499992370605 60.9500007629395 53.6300010681152 73.9000015258789 137.270004272461 275.670013427734 318.660003662109 388.920013427734 369.049987792969 369.790008544922 558.900024414062 349.600006103516 475.920013427734 653.150024414062 860.039978027344 598.799987792969 38.6923065185547 -3.4e+38 -3.4e+38 -3.4e+38 -3.4e+38 -3.4e+38 -3.4e+38 -3.4e+38 -3.4e+38 -3.4e+38 -3.4e+38 -3.4e+38 -3.4e+38 -3.4e+38 -3.4e+38 -3.4e+38
1258.53002929688 1672.02001953125 859.090026855469 321.239990234375 337.450012207031 212.850006103516 178.190002441406 187.160003662109 534.989990234375 301.640014648438 103.650001525879 106.389999389648 92.1399993896484 62.560001373291 51.9799995422363 47.7999992370605 36.9099998474121 25.2399997711182 37.5 67.2900009155273 70.370002746582 51.7700004577637 62.0099983215332 79.9300003051758 96.400001525879 114.550003051758 120.589996337891 137.110000610352 163.490005493164 161.360000610352 193.130004882812 179.619995117188 113.180000305176 101.949996948242 177.199996948242 309.720001220703 188.365081787109 -3.4e+38 -3.4e+38 -3.4e+38 -3.4e+38 -3.4e+38 -3.4e+38 -3.4e+38 -3.4e+38 -3.4e+38 -3.4e+38 -3.4e+38 -3.4e+38 -3.4e+38 -3.4e+38 -3.4e+38 -3.4e+38
1066.56005859375 1252.82995605469 652.989990234375 438.709991455078 298.649993896484 184.660003662109 201.210006713867 390.380004882812 685.059997558594 202.309997558594 86.879997253418 75.0800018310547 83.620002746582 77.6500015258789 53.3499984741211 42.5499992370605 25.5799999237061 28.3199996948242 42.4799995422363 53.9900016784668 56.4199981689453 43.2200012207031 70.1699981689453 129.300003051758 172.479995727539 138.729995727539 127.410003662109 124.879997253418 124.400001525879 142.320007324219 96.4400024414062 103.650001525879 153.139999389648 101.777778625488 47.5810813903809 46.5465126037598 20.7058830261230 -3.4e+38 -3.4e+38 -3.4e+38 -3.4e+38 -3.4e+38 -3.4e+38 -3.4e+38 -3.4e+38 -3.4e+38 -3.4e+38 -3.4e+38 -3.4e+38 -3.4e+38 -3.4e+38 -3.4e+38 -3.4e+38
701.119995117188 1199.90002441406 646.820007324219 919.049987792969 385.910003662109 244.919998168945 424.899993896484 864.690002441406 556.22998046875 193.039993286133 78.3399963378906 67.1100006103516 86.0699996948242 84.5500030517578 49.060001373291 29.2099990844727 16.2999992370605 38.7599983215332 54.0900001525879 63.8300018310547 44.5 62.6699981689453 109.830001831055 190.800003051758 210.520004272461 214.229995727539 129.070007324219 152.330001831055 287.100006103516 249.559997558594 229.25 244.860000610352 213.440002441406 80.8235321044922 1 4.45833349227905 -3.4e+38 -3.4e+38 -3.4e+38 -3.4e+38 -3.4e+38 -3.4e+38 -3.4e+38 -3.4e+38 -3.4e+38 -3.4e+38 -3.4e+38 -3.4e+38 -3.4e+38 -3.4e+38 -3.4e+38 -3.4e+38 -3.4e+38
1300.47998046875 1036.39001464844 531.619995117188 825.179992675781 387.769989013672 455.820007324219 1077.18005371094 1071.31005859375 431.350006103516 208.190002441406 125.290000915527 103.650001525879 106.209999084473 85.0500030517578 42.060001373291 18.9799995422363 24.6200008392334 51.939998626709 56.6300010681152 58.9900016784668 42.5800018310547 78.1600036621094 97.9700012207031 185.259994506836 260.850006103516 182.259994506836 160.839996337891 182.580001831055 281.769989013672 282.440002441406 254.220001220703 210.339996337891 81.3666687011719 16.125 6.33333349227905 2 -3.4e+38 -3.4e+38 -3.4e+38 -3.4e+38 -3.4e+38 -3.4e+38 -3.4e+38 -3.4e+38 -3.4e+38 -3.4e+38 -3.4e+38 -3.4e+38 -3.4e+38 -3.4e+38 -3.4e+38 -3.4e+38 -3.4e+38
923.190002441406 574.719970703125 472.839996337891 473.649993896484 363.579986572266 366.720001220703 1235.15002441406 985.72998046875 379.679992675781 249.300003051758 163.940002441406 123.349998474121 106.349998474121 64.8199996948242 31.0100002288818 27.4699993133545 70.0100021362305 60.4900016784668 48.0400009155273 55.9700012207031 36.560001373291 82.5299987792969 162.550003051758 215.179992675781 179.580001831055 136.080001831055 175.229995727539 150.339996337891 155.179992675781 253.809997558594 197.389999389648 116.569999694824 19.3999996185303 3.24000000953674 1 -3.4e+38 -3.4e+38 -3.4e+38 -3.4e+38 -3.4e+38 -3.4e+38 -3.4e+38 -3.4e+38 -3.4e+38 -3.4e+38 -3.4e+38 -3.4e+38 -3.4e+38 -3.4e+38 -3.4e+38 -3.4e+38 -3.4e+38 -3.4e+38
504.920013427734 482.309997558594 600.630004882812 457.25 534.880004882812 597.570007324219 1044.31005859375 750.440002441406 385.730010986328 250.639999389648 164.690002441406 115.290000915527 101.779998779297 69.4199981689453 24.8500003814697 36.1100006103516 76.879997253418 61.9500007629395 43.0099983215332 41.9199981689453 31.1200008392334 66.0400009155273 105.010002136230 144.559997558594 139.240005493164 87.1100006103516 111.059997558594 121.819999694824 105.510002136230 143.660003662109 91.8000030517578 13.5050506591797 1.25 -3.4e+38 -3.4e+38 -3.4e+38 -3.4e+38 -3.4e+38 -3.4e+38 -3.4e+38 -3.4e+38 -3.4e+38 -3.4e+38 -3.4e+38 -3.4e+38 -3.4e+38 -3.4e+38 -3.4e+38 -3.4e+38 -3.4e+38 -3.4e+38 -3.4e+38 -3.4e+38
564.619995117188 480.459991455078 604.210021972656 616.52001953125 1281.68994140625 956.190002441406 1012.17999267578 711.419982910156 383.540008544922 216.979995727539 152.399993896484 113.110000610352 93.2399978637695 85.0500030517578 29.9500007629395 16.0699996948242 31.5799999237061 38.1399993896484 34.6399993896484 27.0599994659424 25.4699993133545 64.8499984741211 87.8899993896484 81.5 77.9000015258789 67.6399993896484 152.240005493164 194.800003051758 84.3600006103516 18.9699993133545 11.7700004577637 7.33802795410156 -3.4e+38 -3.4e+38 -3.4e+38 -3.4e+38 -3.4e+38 -3.4e+38 -3.4e+38 -3.4e+38 -3.4e+38 -3.4e+38 -3.4e+38 -3.4e+38 -3.4e+38 -3.4e+38 -3.4e+38 -3.4e+38 -3.4e+38 -3.4e+38 -3.4e+38 -3.4e+38 -3.4e+38
591.299987792969 512.049987792969 546.090026855469 597.880004882812 1045.76000976562 885.599975585938 816.190002441406 490.600006103516 309.809997558594 182.270004272461 118.809997558594 105.550003051758 99.6600036621094 85.6999969482422 65.7300033569336 29.0400009155273 7.26000022888184 6.26000022888184 16.8799991607666 22.6021499633789 28.5799999237061 60.3699989318848 72.4199981689453 95.120002746582 118.470001220703 150.240005493164 197.779998779297 86.9800033569336 31.4799995422363 10.7899999618530 17.5425529479980 7.05263137817383 -3.4e+38 -3.4e+38 -3.4e+38 -3.4e+38 -3.4e+38 -3.4e+38 -3.4e+38 -3.4e+38 -3.4e+38 -3.4e+38 -3.4e+38 -3.4e+38 -3.4e+38 -3.4e+38 -3.4e+38 -3.4e+38 -3.4e+38 -3.4e+38 -3.4e+38 -3.4e+38 -3.4e+38
607.460021972656 494.640014648438 458.950012207031 458.380004882812 677.369995117188 542.679992675781 449.010009765625 315.429992675781 232.550003051758 157.259994506836 125.569999694824 115.309997558594 107.330001831055 99.2600021362305 80.5 62.7599983215332 35.5999984741211 12.9799995422363 5.17999982833862 10.4588232040405 57.2200012207031 111.230003356934 123.379997253418 122.860000610352 119.129997253418 181.929992675781 159.039993286133 61.5499992370605 22.7900009155273 19.4534893035889 7.76470565795898 -3.4e+38 -3.4e+38 -3.4e+38 -3.4e+38 -3.4e+38 -3.4e+38 -3.4e+38 -3.4e+38 -3.4e+38 -3.4e+38 -3.4e+38 -3.4e+38 -3.4e+38 -3.4e+38 -3.4e+38 -3.4e+38 -3.4e+38 -3.4e+38 -3.4e+38 -3.4e+38 -3.4e+38 -3.4e+38
