pkg/rmaxent/inst/layers/h_dem.asc
NCOLS 122 
NROWS 160 
XLLCORNER -94.8 
YLLCORNER -56.45 
CELLSIZE 0.5 
NODATA_value -3.4e+38 
[rows 46 to 68 of 160, columns 53 to 105 of 122]
92.0500030517578 77.6900024414062 111.730003356934 111.480003356934 175.289993286133 179.740005493164 177.740005493164 123.230003356934 83.5599975585938 76.5800018310547 72.4400024414062 72.0800018310547 71.6800003051758 58.5099983215332 85.7799987792969 107.040000915527 197.960006713867 206.259994506836 220.330001831055 155.309997558594 195.110000610352 224.990005493164 183.479995727539 247.729995727539 244 268.859985351562 346.880004882812 325.679992675781 236.360000610352 211.699996948242 183.850006103516 195.889999389648 146.589996337891 72.0100021362305 11.2666664123535 1.37878787517548 1 1 -3.4e+38 -3.4e+38 -3.4e+38 -3.4e+38 -3.4e+38 -3.4e+38 -3.4e+38 -3.4e+38 -3.4e+38 -3.4e+38 -3.4e+38 -3.4e+38 -3.4e+38 -3.4e+38 -3.4e+38
99.5 103.930000305176 105.900001525879 105.120002746582 66.9199981689453 61.4900016784668 72.5899963378906 65.3099975585938 54.689998626709 56.7200012207031 58.439998626709 61.2799987792969 61.2200012207031 55.0699996948242 81.8899993896484 111.830001831055 155.919998168945 191.770004272461 171.940002441406 194.029998779297 229.850006103516 239.429992675781 213.899993896484 234.600006103516 294.579986572266 305.320007324219 353.200012207031 313.829986572266 250.119995117188 253.649993896484 227.369995117188 208.860000610352 211.330001831055 32.1666679382324 1.26666665077209 0.97183096408844 1 1 1.86666667461395 1 -3.4e+38 -3.4e+38 -3.4e+38 -3.4e+38 -3.4e+38 -3.4e+38 -3.4e+38 -3.4e+38 -3.4e+38 -3.4e+38 -3.4e+38 -3.4e+38 -3.4e+38
126.139999389648 161.009994506836 145.179992675781 114.559997558594 65.1600036621094 49.2299995422363 47.5200004577637 45.2999992370605 41.0900001525879 40.7299995422363 43.2200012207031 48.439998626709 48.5 54.5999984741211 83.3499984741211 96.0400009155273 99.8099975585938 116.830001831055 99.25 112.099998474121 119.319999694824 192.690002441406 184.509994506836 253.169998168945 283.100006103516 307.809997558594 372.279998779297 287.529998779297 268.619995117188 238.169998168945 296.140014648438 180.539993286133 108.370002746582 7.57575750350952 1 0.947916686534882 1.16999995708466 4.26999998092651 6.40000009536743 1.16393446922302 3.04081630706787 2.22857141494751 1.25 1 1 -3.4e+38 -3.4e+38 -3.4e+38 -3.4e+38 -3.4e+38 -3.4e+38 -3.4e+38 -3.4e+38
130.880004882812 131.779998779297 123.080001831055 109.269996643066 61.4000015258789 43.7099990844727 45.2900009155273 40.5099983215332 38.1300010681152 38.0299987792969 38.2099990844727 38.7299995422363 39.6500015258789 50.7400016784668 92.3399963378906 98.599998474121 95.4599990844727 99.1100006103516 98.120002746582 86.6600036621094 100.790000915527 85.5999984741211 75.1399993896484 95.099998474121 132.380004882812 231.850006103516 214.360000610352 238.779998779297 300.950012207031 252.320007324219 131.699996948242 103.319999694824 34.4099998474121 1.55999994277954 1.03999996185303 3.02999997138977 4.80000019073486 5.46000003814697 4.35353517532349 2.125 11.0399999618530 14.9799995422363 12.0200004577637 4.17708349227905 2.07042264938354 1.0625 1 -3.4e+38 -3.4e+38 -3.4e+38 -3.4e+38 -3.4e+38 -3.4e+38
70.8099975585938 75 83.5 66.5899963378906 57.3400001525879 52.0400009155273 46.3899993896484 40.9599990844727 38.4099998474121 37.2999992370605 36.5699996948242 36.4900016784668 35.9799995422363 37.560001373291 64.7600021362305 94.9400024414062 95.9599990844727 88.9300003051758 101.220001220703 59.7299995422363 64.870002746582 75.1500015258789 74.0400009155273 74.5299987792969 34.7700004577637 99.3399963378906 110.220001220703 138.960006713867 179.699996948242 57.5099983215332 57.2099990844727 9.23999977111816 3.25999999046326 1.28999996185303 1.73000001907349 2.42708325386047 1.59756100177765 1.13095235824585 5.07936525344849 20.0631580352783 23.0900001525879 30.7999992370605 44.3600006103516 24.1700000762939 17.3600006103516 10.1063833236694 3.45977020263672 1.39130437374115 -3.4e+38 -3.4e+38 -3.4e+38 -3.4e+38 -3.4e+38
74.0899963378906 61.3699989318848 59.7700004577637 56.8899993896484 56.8300018310547 55.4900016784668 48.4799995422363 42.9300003051758 39.4700012207031 37.7200012207031 36.5900001525879 34.3300018310547 34 31.3700008392334 38.439998626709 87.2399978637695 100.480003356934 113.900001525879 87.0100021362305 73 70.0100021362305 89.1100006103516 70.1699981689453 22.7199993133545 51.2999992370605 49.7000007629395 27.9500007629395 22.9099998474121 34.6500015258789 60.4199981689453 73.9300003051758 37.810001373291 11.2600002288818 1.04999995231628 1.63999998569489 2.11999988555908 1.47000002861023 3.91752576828003 36.5353546142578 86.0500030517578 54.0699996948242 64.5500030517578 72.8600006103516 47.0999984741211 51.4700012207031 39.8699989318848 42.1800003051758 6.4769229888916 1 1.05882358551025 1.57142853736877 -3.4e+38 -3.4e+38
80.7099990844727 63.1399993896484 62.1699981689453 61.2099990844727 55.7599983215332 52.0499992370605 48.2200012207031 43.4099998474121 39.8499984741211 38.6100006103516 36.8300018310547 33.689998626709 31.3199996948242 27.2600002288818 27.2399997711182 47.8600006103516 74.1500015258789 88.0800018310547 93.1100006103516 87.9000015258789 29.75 19.8600006103516 16.1800003051758 56.1300010681152 87.0999984741211 105.480003356934 67.0100021362305 63.75 82.6900024414062 102.080001831055 96.7200012207031 85.0899963378906 31.0499992370605 6.1100001335144 16.3600006103516 16.8099994659424 12.9399995803833 30.7299995422363 82.5199966430664 90.75 71.5500030517578 81.129997253418 78.5999984741211 80.379997253418 117.870002746582 67.8499984741211 52.5499992370605 6.60294103622437 10.9125003814697 23.5851058959961 26.6875 16.9464282989502 5.04347848892212
68.5699996948242 72.8600006103516 77.9499969482422 83.2300033569336 59.689998626709 50.3600006103516 46.75 42.5900001525879 40.0400009155273 38.7700004577637 36.689998626709 33.8400001525879 29.6900005340576 28.2399997711182 27.6499996185303 27.6499996185303 30.8299999237061 31.0100002288818 37.560001373291 31.0699996948242 28.0699996948242 31.4300003051758 29.75 52.7700004577637 82.7200012207031 120.980003356934 77.379997253418 73.4300003051758 95.4700012207031 89.0400009155273 94.6600036621094 113.040000915527 63.2000007629395 45.7999992370605 53.6199989318848 52.310001373291 51.8499984741211 29.8099994659424 86.9499969482422 94.4300003051758 90.7099990844727 136.490005493164 85.9800033569336 149.410003662109 133.720001220703 84.75 40.7299995422363 18.0659332275391 37.810001373291 69.3899993896484 71.120002746582 32.0800018310547 13.8000001907349
80.7799987792969 82.8600006103516 95.7099990844727 86.4100036621094 59.9199981689453 55.9000015258789 52.5900001525879 46.8899993896484 41.8499984741211 39.4300003051758 36.2700004577637 35.75 33.6599998474121 32.060001373291 31.2399997711182 27.8999996185303 24.3099994659424 23.9099998474121 28.8299999237061 41.9900016784668 43.7299995422363 54.7700004577637 70.0899963378906 72.5899963378906 84.8000030517578 73.4700012207031 82.1900024414062 82.0299987792969 95.4100036621094 94.0899963378906 87.9899978637695 93.0199966430664 70.3899993896484 82.5299987792969 101.760002136230 87.75 92.4000015258789 68.3199996948242 93.1900024414062 96.629997253418 125.919998168945 249.419998168945 123.559997558594 230.660003662109 85.879997253418 46.2000007629395 13.8000001907349 31.1299991607666 66.7399978637695 80.1999969482422 92.25 49.0800018310547 61.7599983215332
80 81.2200012207031 83.6399993896484 69.879997253418 82.4300003051758 84 72.5400009155273 63.2900009155273 47.5999984741211 41.2900009155273 38.2400016784668 37.9700012207031 36.8800010681152 46.9000015258789 51.7400016784668 50.75 52.9199981689453 55.5299987792969 61.7599983215332 82.0800018310547 82.879997253418 83.3899993896484 94.620002746582 96.0199966430664 73.6600036621094 107.690002441406 139.429992675781 163.600006103516 144.059997558594 96.4700012207031 97.9199981689453 95.8099975585938 107.339996337891 104.129997253418 128.199996948242 141.300003051758 130.509994506836 68.3600006103516 104.319999694824 105.760002136230 169.449996948242 159.929992675781 159.979995727539 125.800003051758 115.309997558594 80.8399963378906 60.3300018310547 45.7900009155273 72.3099975585938 101.900001525879 81.6699981689453 91.9400024414062 107.529998779297
85.8499984741211 78.4700012207031 67.8300018310547 71.2699966430664 88.5400009155273 89.6699981689453 88.5199966430664 68.5999984741211 50.1399993896484 39.5 40.3199996948242 41.0499992370605 42.9799995422363 60.189998626709 63.6399993896484 63.2700004577637 55.5400009155273 48.1300010681152 77.870002746582 91.5800018310547 85.1100006103516 94.370002746582 98.4800033569336 84.5999984741211 133.720001220703 182.720001220703 195.059997558594 188.369995117188 127.080001831055 131.389999389648 141.699996948242 129.070007324219 199.860000610352 149.389999389648 218.940002441406 220.360000610352 196.419998168945 77.0400009155273 160.949996948242 187.089996337891 210.100006103516 236.970001220703 203.899993896484 189.139999389648 194.759994506836 140.419998168945 94.7699966430664 92.2699966430664 96.6800003051758 86.7600021362305 85.6699981689453 117.75 139.75
88.8899993896484 77.8199996948242 72.2399978637695 80.9100036621094 94.9199981689453 95.4300003051758 90.4700012207031 64.0299987792969 45.5200004577637 42.8699989318848 47.0900001525879 51.3899993896484 64.3000030517578 67.3600006103516 65.5299987792969 56.7000007629395 63.4300003051758 70.1100006103516 104.860000610352 91.2300033569336 99.0100021362305 98.7900009155273 80.2600021362305 92.4100036621094 112.099998474121 193.570007324219 213.259994506836 182.710006713867 211.399993896484 218.380004882812 185.660003662109 192.440002441406 263.75 195.740005493164 266.190002441406 282.660003662109 205.050003051758 113.989997863770 96.5100021362305 97.9400024414062 159.410003662109 227.779998779297 265.450012207031 271.230010986328 202.520004272461 143.229995727539 105.180000305176 141.270004272461 160 126.290000915527 147.220001220703 151.190002441406 179.949996948242
93.9899978637695 79.1600036621094 74.8899993896484 79.8000030517578 87.0800018310547 82.8399963378906 71.870002746582 58.7799987792969 61.6199989318848 56.1599998474121 55.3300018310547 64.8199996948242 81.2200012207031 65.7399978637695 61.2599983215332 67.870002746582 86.629997253418 97.3199996948242 99.650001525879 102.910003662109 110.529998779297 91.2799987792969 93.3199996948242 117.519996643066 103.650001525879 123.889999389648 250.240005493164 141.199996948242 188.179992675781 251.070007324219 237.919998168945 186.470001220703 317.839996337891 259.790008544922 280.760009765625 228.279998779297 189 170.149993896484 115.319999694824 146.190002441406 176.779998779297 173.910003662109 279.839996337891 264.260009765625 186.660003662109 177.380004882812 184.869995117188 207.679992675781 159.139999389648 177.809997558594 174.119995117188 184.889999389648 173.100006103516
91.7399978637695 90.7799987792969 79.9499969482422 79.6999969482422 85.6999969482422 82.5800018310547 70.0999984741211 63.8300018310547 73.4899978637695 79.5999984741211 84.129997253418 81.0899963378906 60.8300018310547 68.8499984741211 96.0899963378906 88.2300033569336 88.5800018310547 93.4400024414062 97.2900009155273 122.110000610352 94.5299987792969 93.7099990844727 119.949996948242 125.209999084473 157.050003051758 164.610000610352 214.039993286133 174.149993896484 180.039993286133 293.339996337891 301.010009765625 218.779998779297 307.160003662109 331.559997558594 258.769989013672 284.320007324219 357.160003662109 287.25 135.300003051758 189.289993286133 201.880004882812 192.979995727539 235.589996337891 308.600006103516 298.910003662109 318.760009765625 304.549987792969 274.320007324219 294.510009765625 279.019989013672 182.220001220703 230.940002441406 248.860000610352
91.3199996948242 91.5899963378906 84.2600021362305 83.5800018310547 87.379997253418 93.6900024414062 82.1399993896484 72.1500015258789 86.2099990844727 86.25 87.4000015258789 69.7300033569336 81.4499969482422 87.129997253418 96.4400024414062 84.9199981689453 98.4599990844727 93.4000015258789 106.220001220703 121.639999389648 111.519996643066 113.120002746582 130.369995117188 216.020004272461 174.179992675781 158.300003051758 195.679992675781 227.5 190.690002441406 314.040008544922 336.190002441406 310.820007324219 276.279998779297 294.079986572266 288.459991455078 236.990005493164 274.920013427734 393.540008544922 221.350006103516 203.410003662109 242.100006103516 194.070007324219 293.630004882812 383.660003662109 409.179992675781 448.549987792969 388.570007324219 340.140014648438 262.399993896484 235.550003051758 194.740005493164 203.199996948242 304.570007324219
94.7399978637695 95.8899993896484 98.870002746582 98.8899993896484 99 96.6699981689453 84.7399978637695 83.3600006103516 89.2399978637695 92.5800018310547 80.75 80.8899993896484 88.1800003051758 98.349998474121 96.349998474121 90.7799987792969 100.629997253418 107.639999389648 101.339996337891 114.080001831055 98.9700012207031 244.419998168945 223.190002441406 264.140014648438 263.709991455078 258.149993896484 247.309997558594 284.019989013672 274.260009765625 328.369995117188 361.040008544922 257.549987792969 324 283.709991455078 292.230010986328 338.739990234375 307.510009765625 208.639999389648 209.320007324219 253.869995117188 236.919998168945 175.330001831055 292.75 395.010009765625 318.429992675781 268.329986572266 265.720001220703 266.079986572266 306.140014648438 221.080001831055 221.940002441406 208.199996948242 224.460006713867
98.8399963378906 98.9199981689453 96.5400009155273 95.5 95.120002746582 91 92.1500015258789 95.7900009155273 94.1399993896484 97.879997253418 83.0199966430664 97.2699966430664 96.5500030517578 99.129997253418 89.1900024414062 85.7600021362305 99.6100006103516 153.509994506836 178.850006103516 109.760002136230 109.080001831055 121.129997253418 281.679992675781 348.359985351562 353.450012207031 332.640014648438 306.769989013672 296.420013427734 358.799987792969 320 332.109985351562 258.230010986328 313.890014648438 368.190002441406 323.170013427734 388.029998779297 318.5 193.149993896484 191.580001831055 274.809997558594 205.039993286133 170.639999389648 244.470001220703 331.880004882812 296.299987792969 339.920013427734 349.029998779297 375.890014648438 381.739990234375 318.779998779297 344.709991455078 239.759994506836 263.049987792969
99.9100036621094 98.6900024414062 98.0899963378906 98.1699981689453 97.0500030517578 96.9100036621094 97.8099975585938 99.1800003051758 97.9899978637695 94.2099990844727 85.8600006103516 102.449996948242 126.160003662109 130.770004272461 96.1699981689453 93.9700012207031 102.230003356934 108.389999389648 117.699996948242 120.699996948242 116.339996337891 132.910003662109 320.089996337891 449.149993896484 466.070007324219 411.869995117188 393.720001220703 382.299987792969 374.010009765625 243.240005493164 288.540008544922 307.709991455078 316.910003662109 311.209991455078 349.510009765625 393.459991455078 308.899993896484 218.830001831055 181.559997558594 254.449996948242 151.160003662109 285.790008544922 315.519989013672 430.850006103516 382.820007324219 350.290008544922 375.079986572266 400.350006103516 316.260009765625 320.040008544922 308.799987792969 274.230010986328 327.359985351562
140.220001220703 113.319999694824 115.889999389648 99.129997253418 98.8000030517578 98.0199966430664 100.029998779297 99.9199981689453 96.4199981689453 87.3399963378906 97.370002746582 104.239997863770 168.899993896484 165.369995117188 110.230003356934 117.099998474121 120.480003356934 104.139999389648 140.25 155.820007324219 193.949996948242 114.620002746582 206.520004272461 272.130004882812 325.380004882812 450.290008544922 431.549987792969 414.029998779297 366.970001220703 283.940002441406 335.589996337891 242.509994506836 351.940002441406 376.809997558594 432.549987792969 339.799987792969 267.119995117188 183.160003662109 217 282.649993896484 190.869995117188 304.130004882812 436.25 474.200012207031 389.140014648438 389.589996337891 390.019989013672 335.989990234375 273.790008544922 435.890014648438 470.299987792969 385.609985351562 335.119995117188
169.130004882812 169 159.220001220703 103.629997253418 118.959999084473 158.649993896484 187.089996337891 113.529998779297 96.8000030517578 94.0100021362305 106.830001831055 123.959999084473 164.570007324219 164.570007324219 194.470001220703 113.209999084473 176.520004272461 173.25 208.190002441406 174.669998168945 220.449996948242 218.550003051758 175.990005493164 211.979995727539 233.449996948242 356.269989013672 445.309997558594 454.019989013672 370.640014648438 308.179992675781 420.739990234375 372.559997558594 249.649993896484 407.739990234375 428.579986572266 292.730010986328 195.339996337891 195.440002441406 235.429992675781 235.830001831055 171.029998779297 286.880004882812 472.190002441406 548.77001953125 344.790008544922 477.299987792969 506.079986572266 344.619995117188 368.839996337891 540.239990234375 550.179992675781 436.940002441406 408.709991455078
195.550003051758 175.429992675781 145.860000610352 155.720001220703 171.990005493164 165.990005493164 165.600006103516 139.270004272461 138.770004272461 135.369995117188 141.139999389648 196.080001831055 199.75 219.570007324219 207.100006103516 170.289993286133 184.160003662109 213.179992675781 259.5 210.479995727539 224.820007324219 302.700012207031 227.789993286133 190.740005493164 214.770004272461 227.809997558594 340.510009765625 453.649993896484 367.899993896484 375.690002441406 374.440002441406 248.25 253.860000610352 361.649993896484 358.399993896484 252.220001220703 195.520004272461 267.720001220703 294.739990234375 202.649993896484 231.320007324219 310.109985351562 381.209991455078 565.070007324219 431.339996337891 459.119995117188 470.100006103516 385.630004882812 558.650024414062 514.289978027344 491.369995117188 462.309997558594 450.600006103516
192.479995727539 188.119995117188 169.509994506836 159.990005493164 164.289993286133 131.970001220703 162.169998168945 176.550003051758 176.699996948242 217.949996948242 202.809997558594 208.320007324219 202.270004272461 324.519989013672 240.800003051758 179.639999389648 200.149993896484 208.259994506836 222.729995727539 212.589996337891 244.570007324219 302.109985351562 255.339996337891 301.279998779297 325.149993896484 228.320007324219 263.399993896484 356.200012207031 429.589996337891 379.700012207031 244.559997558594 302.559997558594 277.209991455078 404.859985351562 316.100006103516 191.669998168945 190.289993286133 260.100006103516 311.130004882812 229.210006713867 334.100006103516 335.130004882812 337.739990234375 569.75 625.450012207031 692.830017089844 555.849975585938 439.670013427734 480.190002441406 551.799987792969 453.790008544922 429.769989013672 466.75
192.75 188.990005493164 178.529998779297 181.960006713867 154.119995117188 136.059997558594 186.619995117188 227.759994506836 307.850006103516 407.940002441406 262.779998779297 247.119995117188 212.440002441406 333.359985351562 262.519989013672 217.309997558594 246.770004272461 213.910003662109 251.259994506836 219.270004272461 212.509994506836 285.649993896484 328.380004882812 311.350006103516 302.070007324219 343.540008544922 362.190002441406 332.170013427734 345.119995117188 313.899993896484 252.990005493164 320.029998779297 302.079986572266 319.149993896484 266.779998779297 183.080001831055 201.320007324219 266.890014648438 302.209991455078 247.899993896484 380.359985351562 407.779998779297 450.5 559.969970703125 697.400024414062 725.309997558594 537.150024414062 577.909973144531 574.140014648438 520.169982910156 446.390014648438 460.170013427734 460.899993896484
