pkg/rmaxent/inst/layers/h_dem.asc
NCOLS 122 
NROWS 160 
XLLCORNER -94.8 
YLLCORNER -56.45 
CELLSIZE 0.5 
NODATA_value -3.4e+38 
[rows 69 to 91 of 160, columns 53 to 105 of 122]
229.050003051758 181.809997558594 167.830001831055 149.110000610352 172.940002441406 183.630004882812 196.229995727539 197.960006713867 210.490005493164 358.869995117188 306.589996337891 258.399993896484 205 253.830001831055 274.859985351562 298.040008544922 307.309997558594 247.600006103516 283.600006103516 243.339996337891 270.559997558594 257.709991455078 317.510009765625 329.920013427734 319.899993896484 302.920013427734 356.630004882812 321.690002441406 289.269989013672 251.25 263.959991455078 319.700012207031 305.779998779297 278.540008544922 245.850006103516 189.25 207.229995727539 259.959991455078 307.5 256.989990234375 370.470001220703 567.330017089844 562.630004882812 777.099975585938 778.409973144531 700.239990234375 596.130004882812 455.970001220703 458.070007324219 453.619995117188 408.989990234375 728.679992675781 665.450012207031
189.259994506836 179.539993286133 189.910003662109 179.179992675781 189.759994506836 187.050003051758 163.039993286133 183.429992675781 200.350006103516 259.239990234375 216.369995117188 259.929992675781 261.390014648438 224.210006713867 245.279998779297 356.040008544922 382.619995117188 338.799987792969 357.160003662109 313.790008544922 282.160003662109 292.739990234375 325.429992675781 374.529998779297 362.040008544922 361.799987792969 380.239990234375 358.029998779297 293.730010986328 261.670013427734 285.519989013672 283.329986572266 338.369995117188 340.309997558594 270.929992675781 199.479995727539 217.660003662109 275.160003662109 329.660003662109 278.970001220703 349.489990234375 450.100006103516 543.690002441406 680.989990234375 832.989990234375 727.030029296875 591.369995117188 473.269989013672 490.589996337891 498.649993896484 493.859985351562 935.719970703125 799.760009765625
194.110000610352 195.740005493164 193.360000610352 196.149993896484 196.050003051758 199.630004882812 162.789993286133 171.110000610352 197.399993896484 187.119995117188 169.910003662109 214.979995727539 343.25 336.540008544922 291.880004882812 348.470001220703 439.910003662109 422.329986572266 346.600006103516 341.220001220703 351.350006103516 361.380004882812 332.309997558594 434.149993896484 338.179992675781 321.739990234375 433.619995117188 347.380004882812 270.829986572266 250.130004882812 288.190002441406 297.380004882812 296.559997558594 355.950012207031 262.019989013672 199.630004882812 242.520004272461 333.320007324219 367.660003662109 285.049987792969 353.619995117188 496.140014648438 480.269989013672 651.630004882812 840.400024414062 739.409973144531 626.239990234375 688.280029296875 717.440002441406 574.280029296875 583.039978027344 780.25 1066.0400390625
204.229995727539 200.389999389648 192.860000610352 201.729995727539 198.059997558594 198.830001831055 169.080001831055 163.729995727539 165.919998168945 180.479995727539 165.789993286133 213.899993896484 192.169998168945 265.679992675781 315.649993896484 439.130004882812 534.880004882812 390.890014648438 384.220001220703 390.089996337891 395.019989013672 389.269989013672 371.010009765625 426.25 321.609985351562 338.160003662109 384.980010986328 305.929992675781 287.170013427734 278.089996337891 268.440002441406 298.279998779297 307.869995117188 319.079986572266 243.029998779297 216.759994506836 333.799987792969 415.649993896484 386.859985351562 378.079986572266 293.309997558594 352.170013427734 492.679992675781 596.760009765625 837.650024414062 696.359985351562 706.25 765.630004882812 646.320007324219 455.239990234375 608.909973144531 585.210021972656 1068.68994140625
210.009994506836 199.110000610352 193.960006713867 200.300003051758 198.619995117188 192.800003051758 191.300003051758 195.860000610352 198.020004272461 201.830001831055 205.679992675781 195.940002441406 191 199.149993896484 247.690002441406 362.390014648438 466.220001220703 494.299987792969 448.540008544922 459.600006103516 457.329986572266 413.690002441406 392.700012207031 355.589996337891 390.809997558594 388.640014648438 388.959991455078 351.579986572266 322.709991455078 303.519989013672 296.589996337891 302.209991455078 368.230010986328 344.450012207031 255.199996948242 250.050003051758 410.190002441406 510.109985351562 475.279998779297 528.929992675781 404.299987792969 432.429992675781 503.570007324219 603.799987792969 852.419982910156 761.679992675781 698.929992675781 662 540.950012207031 447.559997558594 606.840026855469 698.780029296875 965.47998046875
337.489990234375 196.479995727539 203.759994506836 202.380004882812 197.610000610352 173.850006103516 170.190002441406 182.820007324219 199.949996948242 206.410003662109 216.139999389648 295.410003662109 278.890014648438 196.309997558594 235.479995727539 257.570007324219 393.190002441406 576.950012207031 571.75 541.989990234375 549 502.980010986328 432.130004882812 351.040008544922 431.359985351562 459.890014648438 426.25 414.929992675781 421.220001220703 353.739990234375 314.529998779297 344.839996337891 456.320007324219 308.220001220703 271.640014648438 279.100006103516 305.230010986328 572.539978027344 604.27001953125 536.989990234375 432.850006103516 837.239990234375 579.330017089844 549.219970703125 860.549987792969 750.559997558594 684.27001953125 640.309997558594 634.330017089844 456.519989013672 590.400024414062 884.280029296875 739.989990234375
767.25 296.5 219.809997558594 198.149993896484 187.440002441406 172.649993896484 161.169998168945 171.339996337891 199.539993286133 215.699996948242 226.580001831055 252.979995727539 229.580001831055 199.660003662109 233.550003051758 418.100006103516 230.139999389648 506.570007324219 656.369995117188 637.309997558594 614.510009765625 517.099975585938 412.839996337891 411 427.730010986328 458.399993896484 443.609985351562 468.670013427734 560.700012207031 492.260009765625 536.150024414062 513.25 432.390014648438 302.950012207031 285.239990234375 296.519989013672 379.700012207031 566.609985351562 624.869995117188 514.669982910156 595.52001953125 955.280029296875 546.090026855469 570.719970703125 816.27001953125 762.309997558594 702.070007324219 599.710021972656 496.429992675781 467.679992675781 543.330017089844 756.690002441406 571.820007324219
1050.77001953125 541.5 234.100006103516 229.800003051758 216.399993896484 196.850006103516 165.339996337891 168.630004882812 203.880004882812 219.970001220703 241.089996337891 251.210006713867 227.039993286133 215.110000610352 208.729995727539 448.390014648438 292.760009765625 385.019989013672 668.880004882812 638.760009765625 432.040008544922 274.410003662109 254.600006103516 304.350006103516 296.209991455078 369.399993896484 452.329986572266 592.080017089844 623.429992675781 609.619995117188 599.200012207031 480.920013427734 345.279998779297 308.510009765625 285.579986572266 345.609985351562 466.480010986328 673.809997558594 561.429992675781 764.27001953125 869.919982910156 944.950012207031 531.619995117188 707.890014648438 793.849975585938 779.330017089844 729.72998046875 691.359985351562 520.969970703125 527.109985351562 565.090026855469 720.849975585938 648.510009765625
905.400024414062 738.75 730.25 756.309997558594 407.350006103516 270.149993896484 183.669998168945 166.529998779297 209.539993286133 215.410003662109 243.220001220703 255.729995727539 249.139999389648 250.350006103516 230.360000610352 220.75 240.610000610352 273.570007324219 393.760009765625 410.850006103516 283.260009765625 168.050003051758 257.809997558594 243.919998168945 346.880004882812 429.290008544922 696.929992675781 666.179992675781 588.890014648438 580.719970703125 509.410003662109 511.660003662109 371.420013427734 297.869995117188 311.75 415.779998779297 696.780029296875 597.159973144531 799.179992675781 795.190002441406 887.559997558594 904.150024414062 755.929992675781 728.47998046875 762.210021972656 756.309997558594 675.659973144531 696.950012207031 542.010009765625 513.260009765625 661.390014648438 983.820007324219 856.409973144531
1760.76000976562 1097.23999023438 1229.81994628906 1416.7099609375 532.25 254.080001831055 185.389999389648 167.940002441406 199.639999389648 214.029998779297 254.699996948242 292.809997558594 274.690002441406 313.260009765625 325.149993896484 280.959991455078 223.779998779297 396.100006103516 336.540008544922 227.929992675781 210.509994506836 160.960006713867 321.989990234375 229.520004272461 171.270004272461 438.700012207031 537.969970703125 539.780029296875 611.039978027344 643 504.690002441406 445.519989013672 338.899993896484 322.670013427734 376.350006103516 422.079986572266 653.489990234375 701.239990234375 828.340026855469 962.570007324219 1086.82995605469 990.609985351562 898.070007324219 668.75 613.190002441406 615.380004882812 546.739990234375 564.429992675781 680.539978027344 571.25 718.130004882812 958.469970703125 829.460021972656
3756.85009765625 1767.05004882812 1538.80004882812 1229.83996582031 603.690002441406 240.600006103516 178.960006713867 174.669998168945 184.059997558594 252.550003051758 273.279998779297 477.109985351562 374.730010986328 420.730010986328 437.839996337891 304.170013427734 287.339996337891 342.660003662109 271.899993896484 211.070007324219 153.520004272461 271.339996337891 141.279998779297 152.220001220703 168.979995727539 324.769989013672 371.260009765625 373.779998779297 394.309997558594 595.619995117188 507.630004882812 437.119995117188 452.829986572266 439.399993896484 499.790008544922 585.140014648438 792.830017089844 863.789978027344 904.27001953125 918.200012207031 933.140014648438 920.109985351562 786.809997558594 802.700012207031 606.309997558594 564.409973144531 541.349975585938 688.77001953125 744.010009765625 658.190002441406 885.260009765625 761.359985351562 715.320007324219
3835.72998046875 3122.73999023438 2432.3798828125 3252.5400390625 1527.03002929688 370.359985351562 200.940002441406 180.990005493164 202.899993896484 214.369995117188 233.100006103516 285.910003662109 372.700012207031 438.230010986328 497.140014648438 347.25 298.429992675781 193.970001220703 157.449996948242 128.949996948242 143.830001831055 163.949996948242 124.319999694824 123.559997558594 168.369995117188 260.609985351562 304.649993896484 314.040008544922 513.950012207031 620.799987792969 573.799987792969 543.409973144531 633.539978027344 600.679992675781 592.960021972656 614.080017089844 668.030029296875 758.570007324219 859.530029296875 913.340026855469 870.460021972656 935.159973144531 807.830017089844 609.510009765625 667.369995117188 600.739990234375 559.530029296875 721.780029296875 852.940002441406 832.919982910156 858.72998046875 613.010009765625 509.059997558594
4034.35009765625 4026.169921875 3674.0400390625 3639.93994140625 3243.35009765625 1950.39001464844 689.119995117188 363.089996337891 249.839996337891 273.519989013672 254.660003662109 252.429992675781 266.470001220703 311.390014648438 299.880004882812 315.720001220703 314.160003662109 284.269989013672 186.740005493164 131.960006713867 116.290000915527 117.919998168945 109.050003051758 112.5 127.680000305176 180.880004882812 280.190002441406 447 612.219970703125 693.690002441406 648.869995117188 688.619995117188 822.380004882812 809.830017089844 687.849975585938 619.25 600.049987792969 698.289978027344 748.659973144531 840.909973144531 797.710021972656 874.820007324219 758.429992675781 588.609985351562 586.260009765625 599.5 603.070007324219 627.780029296875 814.77001953125 889.049987792969 740.580017089844 647.5 647.190002441406
3924.86010742188 3803.25 4078.0400390625 3591.30004882812 2935.86010742188 3238.5400390625 2705.35009765625 1787.01000976562 1096 602.690002441406 362.309997558594 279.920013427734 285.410003662109 287.559997558594 292.929992675781 315.010009765625 328.559997558594 375.359985351562 374.630004882812 230.889999389648 174.5 120.220001220703 104.510002136230 117.470001220703 132.520004272461 156.75 262.019989013672 404.959991455078 495.450012207031 604.940002441406 772.119995117188 716.289978027344 758.690002441406 827.090026855469 740.010009765625 581.599975585938 563.539978027344 617.200012207031 678.609985351562 699.349975585938 821.739990234375 857.090026855469 741.52001953125 600.409973144531 669.840026855469 739.929992675781 619.580017089844 789.909973144531 853.02001953125 903.130004882812 806.609985351562 829.859985351562 803.909973144531
3907.52001953125 3781.73999023438 3841.09008789062 3945.72998046875 3321.60009765625 2516.15991210938 2145.6298828125 1921.0400390625 1758.77001953125 1039.88000488281 430.609985351562 308.779998779297 302.140014648438 283.670013427734 292 364.029998779297 464.779998779297 341.910003662109 386.260009765625 355.959991455078 293.549987792969 199.529998779297 105.029998779297 118.690002441406 137.240005493164 155.160003662109 223.360000610352 359.929992675781 391.690002441406 531.150024414062 749.630004882812 673.799987792969 641.059997558594 624.469970703125 630.859985351562 597.049987792969 559.700012207031 607.359985351562 635.650024414062 617.330017089844 721.47998046875 703.409973144531 774.97998046875 805.940002441406 833.640014648438 691.099975585938 665.52001953125 679.080017089844 905.369995117188 1104.80004882812 887.450012207031 624.330017089844 459.220001220703
3715.92993164062 3729.26000976562 3721.01000976562 4080.15991210938 3761.73999023438 3016.75 2247.30004882812 1854.48999023438 1781.02001953125 822.169982910156 370.059997558594 336.609985351562 372.670013427734 314.019989013672 314.890014648438 307.079986572266 310.540008544922 276.160003662109 242.979995727539 241.169998168945 227.110000610352 113.389999389648 93.9599990844727 108.489997863770 122.089996337891 129.300003051758 276.070007324219 348.410003662109 392.670013427734 562.320007324219 675.950012207031 682.840026855469 611.700012207031 542.409973144531 550.070007324219 503.950012207031 537.869995117188 582.22998046875 648.960021972656 723.669982910156 792.090026855469 844.659973144531 938.280029296875 896.179992675781 876.539978027344 671.179992675781 643.510009765625 635.950012207031 782.97998046875 977.940002441406 800.849975585938 734.419982910156 357.869995117188
3649.419921875 3694.73999023438 3704.76000976562 4309.7998046875 4021.93994140625 3396.89990234375 2754.65991210938 2508.330078125 1443.41003417969 864.619995117188 561.450012207031 416.190002441406 380.170013427734 341.070007324219 304.329986572266 292.559997558594 255.990005493164 290.809997558594 273.730010986328 158.889999389648 200.509994506836 164.210006713867 81.629997253418 90.8300018310547 98.370002746582 104.360000610352 295.179992675781 538.789978027344 420.739990234375 569.289978027344 599.840026855469 537.349975585938 562.419982910156 548.419982910156 430.160003662109 448.959991455078 570.700012207031 600.919982910156 618.869995117188 746.77001953125 866.859985351562 899.27001953125 904.559997558594 921.849975585938 910.679992675781 688.849975585938 652.450012207031 779.52001953125 738.039978027344 948.909973144531 685.320007324219 489.239990234375 378.350006103516
3717.38989257812 3761.6298828125 3776.89990234375 4327.60009765625 4176.85986328125 3669.88989257812 3132.02001953125 2602 1513.83996582031 1132.26000976562 666.419982910156 479.279998779297 393.079986572266 311.769989013672 233.559997558594 178.190002441406 203.259994506836 222.110000610352 206.580001831055 108.269996643066 89.6500015258789 90.9000015258789 125.699996948242 93 96.1100006103516 149.020004272461 352.970001220703 481.5 546.27001953125 486.390014648438 462.089996337891 419.829986572266 468.940002441406 511.880004882812 387.950012207031 430.100006103516 453.160003662109 487.059997558594 586.719970703125 649.650024414062 740.260009765625 868.299987792969 1036.33996582031 1050.83996582031 912.640014648438 743 720.099975585938 835.75 858.150024414062 915.080017089844 774.070007324219 392.029998779297 682.650024414062
3636.76000976562 3624.26000976562 3679.30004882812 4070.73999023438 3757.8701171875 3232.73999023438 3449.03002929688 2469.43994140625 1405.26000976562 1049.71997070312 663.75 459.269989013672 366.029998779297 300.510009765625 231.149993896484 170.919998168945 148.580001831055 142.869995117188 124.400001525879 91.0999984741211 81.2099990844727 95.370002746582 284.269989013672 187.800003051758 161.139999389648 283.239990234375 312.779998779297 528.710021972656 503.940002441406 399.269989013672 330.869995117188 394.109985351562 340.790008544922 361.950012207031 348.309997558594 430.109985351562 459.089996337891 461.380004882812 482.390014648438 532.869995117188 576.190002441406 752.799987792969 880.609985351562 1016.64001464844 847.219970703125 848.820007324219 862.530029296875 896.989990234375 995.030029296875 1033.81994628906 625.580017089844 545.090026855469 846.080017089844
3828.0400390625 3729.63989257812 3652.90991210938 3815.4599609375 3759.02001953125 3110.56005859375 3128.57006835938 2123.35009765625 1080.89001464844 1138.30004882812 613.789978027344 417.549987792969 323.489990234375 251.190002441406 203.509994506836 166.100006103516 130.440002441406 106.25 90.5800018310547 79.9800033569336 78.75 113.720001220703 292.100006103516 325.769989013672 192.550003051758 267.619995117188 331.359985351562 534.960021972656 490.940002441406 351.929992675781 347 320.890014648438 319.679992675781 311.540008544922 356.510009765625 409.440002441406 456.410003662109 468.320007324219 489.850006103516 573.289978027344 591.080017089844 768.289978027344 879.559997558594 841.380004882812 879.409973144531 869.239990234375 944.159973144531 1004.35998535156 973.570007324219 919.669982910156 652.859985351562 910.880004882812 826.179992675781
4020.47998046875 3906.36010742188 3769.65991210938 4020.97998046875 3940.36010742188 3461.17993164062 2828.57006835938 2230.06005859375 1042.82995605469 709.789978027344 460.880004882812 318.160003662109 273.670013427734 237.460006713867 178.300003051758 150.190002441406 131.899993896484 107.610000610352 87.7399978637695 78.0199966430664 78.120002746582 151.820007324219 336.529998779297 402.570007324219 259.709991455078 410.700012207031 425.660003662109 418.029998779297 385.730010986328 336.589996337891 344.559997558594 341.450012207031 304.690002441406 313.579986572266 371.929992675781 409.720001220703 417.149993896484 440.920013427734 498.519989013672 593.059997558594 582.960021972656 649.900024414062 845.739990234375 940.539978027344 843.640014648438 885.25 915.450012207031 952.580017089844 1037.81994628906 944.489990234375 572.580017089844 487.769989013672 328.899993896484
4465.72998046875 4281.14013671875 4096.14013671875 4286.169921875 3770.52001953125 3330.9599609375 3187.94995117188 2001.76000976562 1294.96997070312 734.330017089844 366.290008544922 274.480010986328 248.830001831055 234.330001831055 165.979995727539 143.660003662109 128.839996337891 106.5 88.0299987792969 78.0500030517578 80.2200012207031 196.539993286133 341.399993896484 329.589996337891 371.140014648438 524.739990234375 360.799987792969 313.920013427734 316.880004882812 313.619995117188 329.820007324219 310.309997558594 293.239990234375 324.109985351562 339.769989013672 412.790008544922 441.630004882812 448.260009765625 457.709991455078 533.150024414062 619.590026855469 646.700012207031 678.179992675781 1066.66003417969 988.960021972656 913.830017089844 990.830017089844 1112.72998046875 1124.92004394531 810.580017089844 622.919982910156 359.600006103516 306.670013427734
4356.5 4640.02978515625 4664.72998046875 4208.2001953125 3878.9599609375 3610.40991210938 3512.38989257812 1478.59997558594 778.090026855469 524.359985351562 280.660003662109 240.009994506836 220.800003051758 202.929992675781 174.550003051758 145.960006713867 123.029998779297 113.019996643066 98.3199996948242 78.3600006103516 90.3499984741211 161.600006103516 216.410003662109 226.979995727539 465 538.200012207031 389.179992675781 312.339996337891 317.420013427734 303.480010986328 306.670013427734 300.570007324219 331.109985351562 391.720001220703 475.480010986328 506.170013427734 540.630004882812 553.669982910156 497.399993896484 540.109985351562 742.090026855469 664.190002441406 647.400024414062 1007.36999511719 1027.60998535156 1029.71997070312 1159.56005859375 1300.09997558594 811.760009765625 572.359985351562 720.619995117188 900.530029296875 453.141418457031
