pkg/rmaxent/inst/layers/pre6190_l10.asc
NCOLS 122 
NROWS 160 
XLLCORNER -94.8 
YLLCORNER -56.45 
CELLSIZE 0.5 
NODATA_value -3.4e+38 
[rows 96 to 119 of 160, columns 55 to 109 of 122]
4.25 5.42000007629395 7.17000007629395 8.76000022888184 9.3100004196167 11.0299997329712 12.9200000762939 14.4799995422363 15 14.9799995422363 15.3599996566772 16.4099998474121 17.5200004577637 19.7999992370605 24.0300006866455 28.8299999237061 33.5999984741211 36.9599990844727 39.25 43.4900016784668 46.9099998474121 48.6100006103516 49.8400001525879 50.4700012207031 52.3899993896484 55.4900016784668 57.5699996948242 57.689998626709 56.6199989318848 55.0400009155273 52.8800010681152 51.2599983215332 49.9900016784668 48.0999984741211 46.0699996948242 44 42.2999992370605 41.75 42.0999984741211 46.2599983215332 54.03125 81.5 90 -3.4e+38 -3.4e+38 -3.4e+38 -3.4e+38 -3.4e+38 -3.4e+38 -3.4e+38 -3.4e+38 -3.4e+38 -3.4e+38 -3.4e+38 -3.4e+38
4.76000022888184 6.61999988555908 8.64999961853027 9.19999980926514 9.0600004196167 10.9200000762939 12.4700002670288 13.5900001525879 14.5600004196167 15.2899999618530 16.6499996185303 18.4699993133545 20.7099990844727 23.6700000762939 27.1700000762939 30.9599990844727 34.689998626709 38 40.0800018310547 42.9000015258789 46.4199981689453 49.2000007629395 50.8899993896484 50.6699981689453 53.0299987792969 58.0499992370605 59.2000007629395 58.4799995422363 57.5099983215332 56.1199989318848 54.4799995422363 52.9900016784668 51.1300010681152 49.1500015258789 46.7999992370605 44.4199981689453 43.2000007629395 43.5400009155273 46.25 49.828125 54 -3.4e+38 -3.4e+38 -3.4e+38 -3.4e+38 -3.4e+38 -3.4e+38 -3.4e+38 -3.4e+38 -3.4e+38 -3.4e+38 -3.4e+38 -3.4e+38 -3.4e+38 -3.4e+38
5.34000015258789 7.46000003814697 10.1300001144409 10.8500003814697 10.6300001144409 11.4099998474121 12.4600000381470 13.3999996185303 14.3999996185303 15.7399997711182 17.6700000762939 20.0900001525879 23.6499996185303 27.2399997711182 29.7800006866455 32.8400001525879 36.5099983215332 40.6500015258789 42.7900009155273 43.4799995422363 46.2099990844727 49.939998626709 51.8499984741211 51.5400009155273 53.1100006103516 57.5999984741211 59.4199981689453 59 58.4799995422363 57.4300003051758 55.9900016784668 54.1300010681152 52.4799995422363 50.5900001525879 48.0099983215332 45.9199981689453 44.9000015258789 47.0800018310547 50.703125 51 -3.4e+38 -3.4e+38 -3.4e+38 -3.4e+38 -3.4e+38 -3.4e+38 -3.4e+38 -3.4e+38 -3.4e+38 -3.4e+38 -3.4e+38 -3.4e+38 -3.4e+38 -3.4e+38 -3.4e+38
5.75 7.88000011444092 10.9799995422363 12.9600000381470 12.1999998092651 12.3500003814697 12.9799995422363 13.4300003051758 14.4899997711182 15.9399995803833 18.2000007629395 21.3799991607666 25.25 28.5499992370605 30.7399997711182 33.2400016784668 36.0900001525879 39.2200012207031 42.810001373291 45.75 48.1300010681152 49.6199989318848 51.3699989318848 52.7799987792969 53.4900016784668 55.6699981689453 57.7799987792969 58.560001373291 59 58.4199981689453 57.0699996948242 55.3800010681152 53.9500007629395 51.6699981689453 48.7999992370605 47.1100006103516 46.75 47.09375 52 -3.4e+38 -3.4e+38 -3.4e+38 -3.4e+38 -3.4e+38 -3.4e+38 -3.4e+38 -3.4e+38 -3.4e+38 -3.4e+38 -3.4e+38 -3.4e+38 -3.4e+38 -3.4e+38 -3.4e+38 -3.4e+38
6.19999980926514 9 12.0900001525879 14.9700002670288 15.1000003814697 13.0399999618530 12.5600004196167 13.7399997711182 15.2399997711182 16.7299995422363 19.1599998474121 21.8799991607666 24.9899997711182 28.5100002288818 31.2299995422363 33.7299995422363 36.1199989318848 39.4099998474121 43.0400009155273 46.7999992370605 49.6199989318848 50.3899993896484 52.0200004577637 54.0299987792969 55.1199989318848 56 57.5400009155273 58.2900009155273 58.9199981689453 58.5400009155273 57.5 56.0200004577637 54.2999992370605 52.1500015258789 50 48.7000007629395 47.8600006103516 46.9333343505859 -3.4e+38 -3.4e+38 -3.4e+38 -3.4e+38 -3.4e+38 -3.4e+38 -3.4e+38 -3.4e+38 -3.4e+38 -3.4e+38 -3.4e+38 -3.4e+38 -3.4e+38 -3.4e+38 -3.4e+38 -3.4e+38 -3.4e+38
6.92999982833862 9.5600004196167 13.0600004196167 16.5 15.3400001525879 12.6999998092651 12.4300003051758 13.9399995803833 15.8000001907349 18.0900001525879 20.6100006103516 23.1599998474121 26.8199996948242 30.5200004577637 32.3600006103516 34 36.2400016784668 39.3499984741211 42.8800010681152 46.2799987792969 49.0200004577637 52.310001373291 55.2200012207031 58 59.7700004577637 59.060001373291 58.3699989318848 57.7900009155273 57.6199989318848 57.9700012207031 57.1599998474121 55.6100006103516 54.1800003051758 52.1800003051758 50.1800003051758 48.6399993896484 46.8699989318848 45.216667175293 -3.4e+38 -3.4e+38 -3.4e+38 -3.4e+38 -3.4e+38 -3.4e+38 -3.4e+38 -3.4e+38 -3.4e+38 -3.4e+38 -3.4e+38 -3.4e+38 -3.4e+38 -3.4e+38 -3.4e+38 -3.4e+38 -3.4e+38
5.98000001907349 8.42000007629395 11.7799997329712 14.6199998855591 14.2399997711182 12.6599998474121 12.7799997329712 14.7200002670288 17.0900001525879 19.5900001525879 22.0400009155273 25.1800003051758 29.4699993133545 32.8899993896484 34.0699996948242 35.2000007629395 36.8499984741211 40.0099983215332 44.5900001525879 48.1599998474121 50.2999992370605 53.1800003051758 56.9799995422363 60.8199996948242 62.5499992370605 60.8600006103516 59 57.5 56.9000015258789 56.6599998474121 55.7599983215332 54.7700004577637 53.2900009155273 51.2999992370605 49.3199996948242 47.3800010681152 45.0299987792969 43.283332824707 -3.4e+38 -3.4e+38 -3.4e+38 -3.4e+38 -3.4e+38 -3.4e+38 -3.4e+38 -3.4e+38 -3.4e+38 -3.4e+38 -3.4e+38 -3.4e+38 -3.4e+38 -3.4e+38 -3.4e+38 -3.4e+38 -3.4e+38
5.40999984741211 7.30999994277954 9.9700002670288 11.7399997711182 12.5900001525879 13 13.6700000762939 15.9600000381470 18.5599994659424 20.7000007629395 23.0699996948242 26.0499992370605 29.6000003814697 32.8300018310547 34.75 36.6399993896484 38.5200004577637 41.2999992370605 45.0099983215332 47.8499984741211 49.5699996948242 51.1500015258789 54.3699989318848 58.8199996948242 61.3800010681152 60.6100006103516 58.2200012207031 56.2999992370605 55.2900009155273 54.7900009155273 54.5499992370605 54.1800003051758 52.3300018310547 50.2799987792969 48.5 46.3300018310547 43.3499984741211 42.1166648864746 -3.4e+38 -3.4e+38 -3.4e+38 -3.4e+38 -3.4e+38 -3.4e+38 -3.4e+38 -3.4e+38 -3.4e+38 -3.4e+38 -3.4e+38 -3.4e+38 -3.4e+38 -3.4e+38 -3.4e+38 -3.4e+38 -3.4e+38
5 6.30999994277954 8.22999954223633 9.3100004196167 11.1300001144409 12.5799999237061 13.9600000381470 16.3299999237061 19.1599998474121 21.5599994659424 23.6399993896484 25.8299999237061 28.3700008392334 31.6200008392334 35.0099983215332 37.6800003051758 39.560001373291 41.3699989318848 43.4900016784668 46.4199981689453 48.5 49.2900009155273 51.1699981689453 55.0699996948242 57.7799987792969 57.8400001525879 56.2599983215332 54.5800018310547 53.2700004577637 52.5800018310547 52.9300003051758 52.8699989318848 51.6699981689453 48.8800010681152 46.4099998474121 44.1199989318848 41.9000015258789 41.1166648864746 -3.4e+38 -3.4e+38 -3.4e+38 -3.4e+38 -3.4e+38 -3.4e+38 -3.4e+38 -3.4e+38 -3.4e+38 -3.4e+38 -3.4e+38 -3.4e+38 -3.4e+38 -3.4e+38 -3.4e+38 -3.4e+38 -3.4e+38
4.55999994277954 5.53000020980835 7.07999992370605 8.89999961853027 10.8999996185303 12.75 15 17.5499992370605 19.7299995422363 21.5 23.2999992370605 25.3899993896484 26.9599990844727 29.5 33.7299995422363 37.8600006103516 39.2299995422363 40.5 42.3899993896484 45.3800010681152 47.5800018310547 48.5 49.8199996948242 52.1100006103516 53.8300018310547 54 52.6599998474121 51.0299987792969 50.2900009155273 49.7900009155273 49.3400001525879 49.5 49.0200004577637 46.6699981689453 43.7299995422363 41.65625 41.5999984741211 41 -3.4e+38 -3.4e+38 -3.4e+38 -3.4e+38 -3.4e+38 -3.4e+38 -3.4e+38 -3.4e+38 -3.4e+38 -3.4e+38 -3.4e+38 -3.4e+38 -3.4e+38 -3.4e+38 -3.4e+38 -3.4e+38 -3.4e+38
4.40000009536743 5.42999982833862 6.94000005722046 8.96000003814697 11.0200004577637 13.2799997329712 15.8500003814697 18.0200004577637 20 21.7600002288818 23.3799991607666 24.5799999237061 26.0300006866455 27.7000007629395 30.2800006866455 33.9599990844727 36.6199989318848 39.2799987792969 42.1599998474121 45.1199989318848 47.2200012207031 47.7999992370605 48.5 49.6399993896484 50.4199981689453 50.0900001525879 48.7599983215332 47.4700012207031 46.9599990844727 46.0400009155273 45.060001373291 43.6599998474121 42.1599998474121 41.5200004577637 40.796875 41 -3.4e+38 -3.4e+38 -3.4e+38 -3.4e+38 -3.4e+38 -3.4e+38 -3.4e+38 -3.4e+38 -3.4e+38 -3.4e+38 -3.4e+38 -3.4e+38 -3.4e+38 -3.4e+38 -3.4e+38 -3.4e+38 -3.4e+38 -3.4e+38 -3.4e+38
4.42999982833862 5.78000020980835 7.69999980926514 10.0399999618530 12.5699996948242 15.1400003433228 17.6900005340576 19.5799999237061 21.1900005340576 22.3999996185303 23.4899997711182 24.4899997711182 25.9200000762939 27.4300003051758 28.9899997711182 31.5599994659424 34.560001373291 37.8600006103516 41.5699996948242 44.3699989318848 45.2999992370605 45.7200012207031 46.5800018310547 47.2099990844727 47.2999992370605 46.9900016784668 45.8899993896484 44.8499984741211 43.9300003051758 42.5800018310547 41.1300010681152 39.3499984741211 37.9300003051758 38.4000015258789 38.283332824707 -3.4e+38 -3.4e+38 -3.4e+38 -3.4e+38 -3.4e+38 -3.4e+38 -3.4e+38 -3.4e+38 -3.4e+38 -3.4e+38 -3.4e+38 -3.4e+38 -3.4e+38 -3.4e+38 -3.4e+38 -3.4e+38 -3.4e+38 -3.4e+38 -3.4e+38 -3.4e+38
4.76000022888184 6.65999984741211 8.67000007629395 11.1099996566772 14.3800001144409 18.1900005340576 20.5900001525879 21.1900005340576 22.3099994659424 23.3700008392334 24.3099994659424 25.3099994659424 26.4200000762939 27.8600006103516 29.4699993133545 31.3099994659424 34.1599998474121 37.189998626709 40.310001373291 42.5999984741211 43.310001373291 43.6399993896484 44.2099990844727 44.3899993896484 44.7000007629395 44.7599983215332 43.7999992370605 42.4700012207031 41.0099983215332 39.8899993896484 38.4900016784668 37.2299995422363 36.6699981689453 37.3699989318848 38.8833351135254 -3.4e+38 -3.4e+38 -3.4e+38 -3.4e+38 -3.4e+38 -3.4e+38 -3.4e+38 -3.4e+38 -3.4e+38 -3.4e+38 -3.4e+38 -3.4e+38 -3.4e+38 -3.4e+38 -3.4e+38 -3.4e+38 -3.4e+38 -3.4e+38 -3.4e+38 -3.4e+38
5.34000015258789 6.94000005722046 9.15999984741211 12.0299997329712 15.7700004577637 20.5699996948242 22.7600002288818 22.3199996948242 23.7099990844727 24.7700004577637 25.3700008392334 26.3199996948242 27.7600002288818 29.6800003051758 31.2099990844727 32.2999992370605 34 36.0800018310547 38.4799995422363 40.5999984741211 41.4900016784668 41.7200012207031 41.7000007629395 42.189998626709 42.2200012207031 42.1800003051758 41.6399993896484 40.2900009155273 38.7299995422363 37.7700004577637 36.7599983215332 35.8899993896484 35.9500007629395 37.0625 39 -3.4e+38 -3.4e+38 -3.4e+38 -3.4e+38 -3.4e+38 -3.4e+38 -3.4e+38 -3.4e+38 -3.4e+38 -3.4e+38 -3.4e+38 -3.4e+38 -3.4e+38 -3.4e+38 -3.4e+38 -3.4e+38 -3.4e+38 -3.4e+38 -3.4e+38 -3.4e+38
5.78000020980835 7.69999980926514 9.77000045776367 12.2799997329712 16.0799999237061 20.8299999237061 23.2600002288818 23.8400001525879 25.25 26.2600002288818 26.7199993133545 27.6299991607666 29.7299995422363 32.1500015258789 33.0499992370605 33.6100006103516 34.8400001525879 35.9000015258789 37.4700012207031 38.6399993896484 39.2999992370605 39.3699989318848 39.3699989318848 39.310001373291 39.2999992370605 38.9099998474121 38.0299987792969 37.0699996948242 36.0099983215332 35.3400001525879 35.5999984741211 36 36 37 -3.4e+38 -3.4e+38 -3.4e+38 -3.4e+38 -3.4e+38 -3.4e+38 -3.4e+38 -3.4e+38 -3.4e+38 -3.4e+38 -3.4e+38 -3.4e+38 -3.4e+38 -3.4e+38 -3.4e+38 -3.4e+38 -3.4e+38 -3.4e+38 -3.4e+38 -3.4e+38 -3.4e+38
6.69999980926514 8.69999980926514 10.75 13.2799997329712 17.0499992370605 22.1900005340576 25.8199996948242 26.4500007629395 26.7700004577637 27.3700008392334 27.8999996185303 28.1900005340576 29.6900005340576 31.4899997711182 32.5800018310547 33.9000015258789 35 35.75 36.8899993896484 37.1599998474121 37.3899993896484 37.560001373291 37.6599998474121 36.9599990844727 36.4500007629395 35.6199989318848 34.4700012207031 34.2400016784668 33.7900009155273 33.4000015258789 33.5625 36 36 -3.4e+38 -3.4e+38 -3.4e+38 -3.4e+38 -3.4e+38 -3.4e+38 -3.4e+38 -3.4e+38 -3.4e+38 -3.4e+38 -3.4e+38 -3.4e+38 -3.4e+38 -3.4e+38 -3.4e+38 -3.4e+38 -3.4e+38 -3.4e+38 -3.4e+38 -3.4e+38 -3.4e+38 -3.4e+38
7.78000020980835 9.7799997329712 12.3999996185303 15.7299995422363 19.2000007629395 23.3999996185303 26.6399993896484 27.8899993896484 28.1200008392334 28.7199993133545 28.3600006103516 27.3899993896484 27.7099990844727 29.8600006103516 31.5599994659424 33.9199981689453 34.7099990844727 34.5299987792969 35.2400016784668 35.5999984741211 36.0999984741211 36.2299995422363 36.2700004577637 35.7099990844727 34.7400016784668 33.4799995422363 31.9599990844727 31.4500007629395 31.6399993896484 32.078125 33 -3.4e+38 -3.4e+38 -3.4e+38 -3.4e+38 -3.4e+38 -3.4e+38 -3.4e+38 -3.4e+38 -3.4e+38 -3.4e+38 -3.4e+38 -3.4e+38 -3.4e+38 -3.4e+38 -3.4e+38 -3.4e+38 -3.4e+38 -3.4e+38 -3.4e+38 -3.4e+38 -3.4e+38 -3.4e+38 -3.4e+38 -3.4e+38
9.52000045776367 11.5399999618530 14.0500001907349 17.1499996185303 20.4599990844727 24.0400009155273 26.3899993896484 27.4699993133545 28 28.1000003814697 27.9099998474121 26.9099998474121 27.8899993896484 30.8099994659424 32.7000007629395 34.310001373291 34.2400016784668 32.9199981689453 33.1500015258789 34.5099983215332 35.0999984741211 35.0999984741211 35.0999984741211 34.7099990844727 33.7099990844727 32.310001373291 30.7999992370605 29.8199996948242 29.7700004577637 30.2666664123535 -3.4e+38 -3.4e+38 -3.4e+38 -3.4e+38 -3.4e+38 -3.4e+38 -3.4e+38 -3.4e+38 -3.4e+38 -3.4e+38 -3.4e+38 -3.4e+38 -3.4e+38 -3.4e+38 -3.4e+38 -3.4e+38 -3.4e+38 -3.4e+38 -3.4e+38 -3.4e+38 -3.4e+38 -3.4e+38 -3.4e+38 -3.4e+38 -3.4e+38
10.7600002288818 13 15.8400001525879 18.5499992370605 21.0499992370605 23.8099994659424 25.5 26.4699993133545 27.4300003051758 28.2299995422363 28.7900009155273 29.0900001525879 31.0799999237061 33.8199996948242 34.6199989318848 34.6399993896484 33.7700004577637 32.5999984741211 32.4700012207031 33.6399993896484 34.5 34.7400016784668 34.0999984741211 33.7599983215332 32.7099990844727 31.6200008392334 30.6000003814697 29.6000003814697 29.0625 30 -3.4e+38 -3.4e+38 -3.4e+38 -3.4e+38 -3.4e+38 -3.4e+38 -3.4e+38 -3.4e+38 -3.4e+38 -3.4e+38 -3.4e+38 -3.4e+38 -3.4e+38 -3.4e+38 -3.4e+38 -3.4e+38 -3.4e+38 -3.4e+38 -3.4e+38 -3.4e+38 -3.4e+38 -3.4e+38 -3.4e+38 -3.4e+38 -3.4e+38
12.1899995803833 13.75 16.2000007629395 18.8999996185303 20.9300003051758 23.0200004577637 24.5799999237061 25.2299995422363 26.1700000762939 28 29.7099990844727 31.4500007629395 33.4700012207031 35.1500015258789 35.3600006103516 35 34.4199981689453 32.8699989318848 32.2799987792969 33.8600006103516 33.9300003051758 34.3899993896484 34.4099998474121 33.2200012207031 31.7000007629395 30.9200000762939 30.4799995422363 29.9375 29 -3.4e+38 -3.4e+38 -3.4e+38 -3.4e+38 -3.4e+38 -3.4e+38 -3.4e+38 -3.4e+38 -3.4e+38 -3.4e+38 -3.4e+38 -3.4e+38 -3.4e+38 -3.4e+38 -3.4e+38 -3.4e+38 -3.4e+38 -3.4e+38 -3.4e+38 -3.4e+38 -3.4e+38 -3.4e+38 -3.4e+38 -3.4e+38 -3.4e+38 -3.4e+38
13.2399997711182 14.4099998474121 16.2399997711182 18.8999996185303 20.8999996185303 22.8999996185303 24.3999996185303 25.2600002288818 26.5699996948242 28.5699996948242 30.6700000762939 32.6800003051758 34.310001373291 35 34.7099990844727 34.0499992370605 34.25 33.75 32.4300003051758 32.3499984741211 32.6100006103516 33.9300003051758 34.2999992370605 32.2999992370605 30.3600006103516 29.3999996185303 29.359375 30 -3.4e+38 -3.4e+38 -3.4e+38 -3.4e+38 -3.4e+38 -3.4e+38 -3.4e+38 -3.4e+38 -3.4e+38 -3.4e+38 -3.4e+38 -3.4e+38 -3.4e+38 -3.4e+38 -3.4e+38 -3.4e+38 -3.4e+38 -3.4e+38 -3.4e+38 -3.4e+38 -3.4e+38 -3.4e+38 -3.4e+38 -3.4e+38 -3.4e+38 -3.4e+38 -3.4e+38
13.7600002288818 15.2399997711182 16.7600002288818 18.8999996185303 20.8999996185303 22.8999996185303 24.3999996185303 25.3999996185303 26.4699993133545 28.3299999237061 31.2000007629395 33.3699989318848 34.3400001525879 34.6599998474121 33.689998626709 32.6100006103516 32.1199989318848 31.7900009155273 31.1800003051758 30.6700000762939 30.5625 33.7999992370605 34.2000007629395 30.5652179718018 29.3700008392334 28.171875 29 -3.4e+38 -3.4e+38 -3.4e+38 -3.4e+38 -3.4e+38 -3.4e+38 -3.4e+38 -3.4e+38 -3.4e+38 -3.4e+38 -3.4e+38 -3.4e+38 -3.4e+38 -3.4e+38 -3.4e+38 -3.4e+38 -3.4e+38 -3.4e+38 -3.4e+38 -3.4e+38 -3.4e+38 -3.4e+38 -3.4e+38 -3.4e+38 -3.4e+38 -3.4e+38 -3.4e+38 -3.4e+38
14.3400001525879 15.6999998092651 17.2800006866455 18.7999992370605 20.7800006866455 22.7800006866455 24.3700008392334 25.3999996185303 26.3999996185303 28.5400009155273 31.9099998474121 33.8899993896484 33.9500007629395 33.6399993896484 32.3300018310547 30.1499996185303 28.6100006103516 28.8299999237061 29.3099994659424 29.2800006866455 29.1000003814697 -3.4e+38 -3.4e+38 30 29.2000007629395 28 -3.4e+38 -3.4e+38 -3.4e+38 -3.4e+38 -3.4e+38 -3.4e+38 -3.4e+38 -3.4e+38 -3.4e+38 -3.4e+38 -3.4e+38 -3.4e+38 -3.4e+38 -3.4e+38 -3.4e+38 -3.4e+38 -3.4e+38 -3.4e+38 -3.4e+38 -3.4e+38 -3.4e+38 -3.4e+38 -3.4e+38 -3.4e+38 -3.4e+38 -3.4e+38 -3.4e+38 -3.4e+38 -3.4e+38
14.6199998855591 15.9799995422363 16.8600006103516 18.4400005340576 19.9200000762939 21.8999996185303 23.8400001525879 25.3700008392334 26.3999996185303 28.25 30.8999996185303 32.4300003051758 32.5900001525879 32.0800018310547 30.8700008392334 28.1299991607666 26.3999996185303 26.6499996185303 27.5400009155273 28.0499992370605 27.9583339691162 27.9259262084961 -3.4e+38 -3.4e+38 -3.4e+38 -3.4e+38 -3.4e+38 -3.4e+38 -3.4e+38 -3.4e+38 -3.4e+38 -3.4e+38 -3.4e+38 -3.4e+38 -3.4e+38 -3.4e+38 -3.4e+38 -3.4e+38 -3.4e+38 -3.4e+38 -3.4e+38 -3.4e+38 -3.4e+38 -3.4e+38 -3.4e+38 -3.4e+38 -3.4e+38 -3.4e+38 -3.4e+38 -3.4e+38 -3.4e+38 -3.4e+38 -3.4e+38 -3.4e+38 -3.4e+38
