pkg/rmaxent/inst/layers/pre6190_l1.asc
NCOLS 122 
NROWS 160 
XLLCORNER -94.8 
YLLCORNER -56.45 
CELLSIZE 0.5 
NODATA_value -3.4e+38 
[rows 96 to 119 of 160, columns 53 to 105 of 122]
16.5499992370605 22.0200004577637 26.0900001525879 30.0699996948242 37.3300018310547 49.2200012207031 55.4099998474121 52.8400001525879 49.7599983215332 46.6800003051758 42.4900016784668 38.9799995422363 36.5 35.6500015258789 36.7900009155273 37.9700012207031 37.560001373291 38.2900009155273 39.9599990844727 42.0200004577637 44.6500015258789 48.2700004577637 48.7000007629395 44.2400016784668 42.4000015258789 44.75 47.2900009155273 51.1800003051758 54.5900001525879 55.0200004577637 55 55 55.1800003051758 55.6699981689453 57.0900001525879 58.8300018310547 59.3800010681152 59.1300010681152 61.7599983215332 68.2600021362305 75.120002746582 81.7799987792969 89.109375 108.900001525879 118 -3.4e+38 -3.4e+38 -3.4e+38 -3.4e+38 -3.4e+38 -3.4e+38 -3.4e+38 -3.4e+38
16.5300006866455 21.8600006103516 26.1499996185303 33.6500015258789 44.2200012207031 50.0200004577637 48.7700004577637 45.5400009155273 43.3300018310547 42.439998626709 40.5099983215332 37.939998626709 35.75 35.4599990844727 36.8300018310547 38.3800010681152 38.9199981689453 39.3800010681152 41.1300010681152 43.7700004577637 46.1399993896484 48.0200004577637 47.6699981689453 45.6699981689453 46.7299995422363 48.5699996948242 49.3600006103516 52.5299987792969 54.4599990844727 55 54.6800003051758 54.0800018310547 53.6599998474121 53.5499992370605 54.4799995422363 55.6500015258789 56.2799987792969 56.5200004577637 62.0699996948242 74.4199981689453 83.8300018310547 87.390625 90 -3.4e+38 -3.4e+38 -3.4e+38 -3.4e+38 -3.4e+38 -3.4e+38 -3.4e+38 -3.4e+38 -3.4e+38 -3.4e+38
16.7099990844727 22.3999996185303 26.9500007629395 35.2799987792969 46.1599998474121 50.060001373291 47.8499984741211 44.7999992370605 43.1399993896484 41.2999992370605 39.2999992370605 37.25 36 36.0900001525879 36.7099990844727 38.1599998474121 39.8300018310547 41.2000007629395 42.8699989318848 47.1100006103516 51.3499984741211 51.4799995422363 48.8800010681152 46.4000015258789 48.5900001525879 50.9599990844727 51.4599990844727 53.560001373291 54.9700012207031 54.6800003051758 54 53.2299995422363 51.8600006103516 50.9199981689453 50.5999984741211 51.1300010681152 52.060001373291 54.0099983215332 62.6800003051758 78.4300003051758 88 89 -3.4e+38 -3.4e+38 -3.4e+38 -3.4e+38 -3.4e+38 -3.4e+38 -3.4e+38 -3.4e+38 -3.4e+38 -3.4e+38 -3.4e+38
16.5300006866455 22.7199993133545 28.3099994659424 34.6800003051758 45.7099990844727 51.0400009155273 47.7299995422363 47.9000015258789 44.7900009155273 41.3400001525879 38.4300003051758 36.7999992370605 36.4599990844727 37.7200012207031 39.1199989318848 40.5400009155273 42.2200012207031 43.3899993896484 44.060001373291 47.7999992370605 53.8400001525879 53.7599983215332 51.0400009155273 47.1399993896484 46.4799995422363 49.310001373291 51.6100006103516 53.3400001525879 54.0900001525879 53.9700012207031 53.2599983215332 51.9000015258789 50.4799995422363 48.689998626709 47.5099983215332 48.3300018310547 49.7900009155273 53.2799987792969 62.8400001525879 72.1875 88.8333358764648 -3.4e+38 -3.4e+38 -3.4e+38 -3.4e+38 -3.4e+38 -3.4e+38 -3.4e+38 -3.4e+38 -3.4e+38 -3.4e+38 -3.4e+38 -3.4e+38
16.5 22.5499992370605 28.8099994659424 36.5200004577637 46.6399993896484 53.9700012207031 52.3300018310547 47.1199989318848 43.4700012207031 40.8699989318848 38.3199996948242 37.2999992370605 38.4500007629395 40.3600006103516 42.3699989318848 43.9000015258789 45.3699989318848 47.189998626709 48.6100006103516 50.5900001525879 52.310001373291 52.8199996948242 52.4199981689453 47.0099983215332 44.1800003051758 46.1300010681152 49.4900016784668 52.1500015258789 53.0400009155273 52.6599998474121 52.060001373291 51.439998626709 50.1500015258789 48.5299987792969 47.9099998474121 48.4099998474121 49.7599983215332 53 59.6699981689453 64.6999969482422 -3.4e+38 -3.4e+38 -3.4e+38 -3.4e+38 -3.4e+38 -3.4e+38 -3.4e+38 -3.4e+38 -3.4e+38 -3.4e+38 -3.4e+38 -3.4e+38 -3.4e+38
16.6399993896484 22.7099990844727 29.0799999237061 36.6800003051758 46.0699996948242 54.1300010681152 51.4000015258789 44.9199981689453 41.9500007629395 40.3499984741211 38.5299987792969 38.2299995422363 39.6699981689453 41.9599990844727 44.4799995422363 45.9799995422363 47.3300018310547 49.5200004577637 51.7099990844727 51.4500007629395 49.9199981689453 51.75 52.8300018310547 49.2200012207031 46.1599998474121 47.7999992370605 51.4599990844727 52.439998626709 51.8499984741211 50.9599990844727 50.4000015258789 49.8800010681152 49.1599998474121 48.5400009155273 48.2900009155273 49.310001373291 50.4099998474121 52.3400001525879 56.1300010681152 58.75 -3.4e+38 -3.4e+38 -3.4e+38 -3.4e+38 -3.4e+38 -3.4e+38 -3.4e+38 -3.4e+38 -3.4e+38 -3.4e+38 -3.4e+38 -3.4e+38 -3.4e+38
15.8100004196167 20.6900005340576 25.3999996185303 30.8400001525879 39.6300010681152 46.3899993896484 47.0400009155273 44.439998626709 41.939998626709 40.1800003051758 38.5200004577637 38.3699989318848 39.9000015258789 42.1599998474121 44.75 45.9199981689453 46.5400009155273 47.3800010681152 47.4900016784668 47.5099983215332 48.9599990844727 50.7400016784668 50.3300018310547 47.8300018310547 46.8199996948242 50.439998626709 53.7200012207031 53.2299995422363 51.9300003051758 50.5 49.5800018310547 48.6300010681152 48.0299987792969 48.0200004577637 48.7799987792969 50.310001373291 51.3699989318848 52.2599983215332 53.8800010681152 55.2666664123535 -3.4e+38 -3.4e+38 -3.4e+38 -3.4e+38 -3.4e+38 -3.4e+38 -3.4e+38 -3.4e+38 -3.4e+38 -3.4e+38 -3.4e+38 -3.4e+38 -3.4e+38
15.1999998092651 18.6299991607666 22.2399997711182 27.5799999237061 34.4799995422363 39.2999992370605 41.8800010681152 41.8600006103516 40.7599983215332 39.439998626709 37.8899993896484 38.0099983215332 39.9199981689453 41.810001373291 43.4700012207031 44.4700012207031 45.1800003051758 45 44.060001373291 44.1199989318848 46.0499992370605 47.0299987792969 45.8600006103516 43.7599983215332 43.6399993896484 47.439998626709 50.8300018310547 51.2299995422363 50.7400016784668 49.3600006103516 47.8800010681152 46.8800010681152 46.5999984741211 47.75 49.5699996948242 51.5 52.5400009155273 51.5200004577637 50.8499984741211 51.9833335876465 -3.4e+38 -3.4e+38 -3.4e+38 -3.4e+38 -3.4e+38 -3.4e+38 -3.4e+38 -3.4e+38 -3.4e+38 -3.4e+38 -3.4e+38 -3.4e+38 -3.4e+38
14.1999998092651 18.5400009155273 22.0699996948242 26.2299995422363 30.4799995422363 33.5900001525879 36.6599998474121 38.3300018310547 39.5999984741211 39.6500015258789 38.6100006103516 38.8300018310547 40.4599990844727 41.0900001525879 41.3899993896484 42.0299987792969 43.8400001525879 44.2999992370605 42.3600006103516 41.439998626709 42.0699996948242 43.0800018310547 42.6699981689453 40.5 40.060001373291 43.6199989318848 47.2000007629395 48.7099990844727 49.1599998474121 48.2299995422363 46.7200012207031 45.689998626709 45.3699989318848 46.689998626709 48.9900016784668 51.1199989318848 50.310001373291 47.3199996948242 45.7200012207031 45.2999992370605 -3.4e+38 -3.4e+38 -3.4e+38 -3.4e+38 -3.4e+38 -3.4e+38 -3.4e+38 -3.4e+38 -3.4e+38 -3.4e+38 -3.4e+38 -3.4e+38 -3.4e+38
14.0100002288818 18.25 22.0400009155273 26.2099990844727 29.0200004577637 31.3899993896484 33.9799995422363 35.9799995422363 38.7400016784668 40.810001373291 40.7799987792969 41.1199989318848 41.7900009155273 41.439998626709 40.2900009155273 39.0299987792969 41.3600006103516 43.8899993896484 41.2799987792969 39.939998626709 40.2700004577637 41.7400016784668 41.8300018310547 40.5999984741211 40.2099990844727 41.9599990844727 44.560001373291 46.5999984741211 47.310001373291 46.7999992370605 45.6100006103516 44.1599998474121 42.7999992370605 43.0900001525879 45.2000007629395 47.1500015258789 44.5499992370605 40.859375 44.5999984741211 44 -3.4e+38 -3.4e+38 -3.4e+38 -3.4e+38 -3.4e+38 -3.4e+38 -3.4e+38 -3.4e+38 -3.4e+38 -3.4e+38 -3.4e+38 -3.4e+38 -3.4e+38
14.1700000762939 17.7099990844727 22.3799991607666 26.7299995422363 28.9699993133545 30.5300006866455 31.7099990844727 33.9099998474121 38.3699989318848 42.0999984741211 42.689998626709 42.9900016784668 43.2400016784668 41.7299995422363 39.439998626709 37.2200012207031 37.5200004577637 40.2299995422363 40.1599998474121 40.2099990844727 41.5200004577637 43.1300010681152 43.3199996948242 41.9900016784668 40.6800003051758 40.9900016784668 42.9300003051758 44.5800018310547 45.439998626709 45.189998626709 43.4300003051758 41.2599983215332 39.1399993896484 37.6599998474121 37.3300018310547 38.8300018310547 38.65625 39 -3.4e+38 -3.4e+38 -3.4e+38 -3.4e+38 -3.4e+38 -3.4e+38 -3.4e+38 -3.4e+38 -3.4e+38 -3.4e+38 -3.4e+38 -3.4e+38 -3.4e+38 -3.4e+38 -3.4e+38
14.1599998474121 17.9599990844727 22.9200000762939 27.4500007629395 29.8600006103516 30.5499992370605 30.9200000762939 32.4799995422363 37.5999984741211 41.8199996948242 42.9500007629395 42.810001373291 42.5999984741211 41.189998626709 39.5900001525879 38.0699996948242 37.4199981689453 38.5200004577637 39.0999984741211 40.1500015258789 42.4599990844727 44.0499992370605 44.2599983215332 42.9500007629395 41.4300003051758 40.9900016784668 41.5400009155273 42.2999992370605 42.7400016784668 42.4700012207031 40.8699989318848 38.9799995422363 36.5499992370605 34.6699981689453 33.8300018310547 34.8699989318848 35.2666664123535 -3.4e+38 -3.4e+38 -3.4e+38 -3.4e+38 -3.4e+38 -3.4e+38 -3.4e+38 -3.4e+38 -3.4e+38 -3.4e+38 -3.4e+38 -3.4e+38 -3.4e+38 -3.4e+38 -3.4e+38 -3.4e+38
13.5600004196167 17.9799995422363 23 27.6000003814697 30.6800003051758 31.7700004577637 32.25 33.9799995422363 37.75 41.0400009155273 41.7099990844727 40.8499984741211 40.2400016784668 40.0800018310547 40 39.4000015258789 38.4300003051758 38 38.439998626709 39.3699989318848 41 42.6300010681152 43.2700004577637 42.6199989318848 41.5999984741211 40.9799995422363 40.6399993896484 40.3499984741211 39.9500007629395 39.3600006103516 38.439998626709 36.9099998474121 35.3199996948242 34.0200004577637 33.6800003051758 34.310001373291 35.8833351135254 -3.4e+38 -3.4e+38 -3.4e+38 -3.4e+38 -3.4e+38 -3.4e+38 -3.4e+38 -3.4e+38 -3.4e+38 -3.4e+38 -3.4e+38 -3.4e+38 -3.4e+38 -3.4e+38 -3.4e+38 -3.4e+38
12.2799997329712 17.5599994659424 23.0100002288818 27.6800003051758 31.2000007629395 33.2700004577637 34.1800003051758 35.7999992370605 39.2400016784668 41.3800010681152 40.4700012207031 38.5800018310547 37.7999992370605 38.5900001525879 39.4799995422363 40.0099983215332 39.4900016784668 38.1199989318848 37.2400016784668 37.7000007629395 39.0800018310547 40.9799995422363 42.0099983215332 42.0200004577637 41.5 40.2299995422363 39.2299995422363 38.6599998474121 37.7999992370605 36.8899993896484 36.3699989318848 35.7099990844727 34.6199989318848 33.7999992370605 33.8300018310547 34.796875 36 -3.4e+38 -3.4e+38 -3.4e+38 -3.4e+38 -3.4e+38 -3.4e+38 -3.4e+38 -3.4e+38 -3.4e+38 -3.4e+38 -3.4e+38 -3.4e+38 -3.4e+38 -3.4e+38 -3.4e+38 -3.4e+38
11.6300001144409 17.5 23.3600006103516 28.4500007629395 32.0999984741211 34.6399993896484 35.4199981689453 35.8899993896484 39.3300018310547 41.8800010681152 40.2000007629395 37.9599990844727 36.7599983215332 37.6500015258789 38.6199989318848 40.1399993896484 40.439998626709 37.9599990844727 36.7299995422363 37.1100006103516 38.1399993896484 39.5900001525879 40.5499992370605 40.9900016784668 40.3199996948242 38.9000015258789 37.7999992370605 36.8800010681152 35.8800010681152 35.2799987792969 35.0999984741211 34.7299995422363 34.0200004577637 34 34 35 -3.4e+38 -3.4e+38 -3.4e+38 -3.4e+38 -3.4e+38 -3.4e+38 -3.4e+38 -3.4e+38 -3.4e+38 -3.4e+38 -3.4e+38 -3.4e+38 -3.4e+38 -3.4e+38 -3.4e+38 -3.4e+38 -3.4e+38
12.4600000381470 17.5200004577637 23.5 29.0400009155273 33.060001373291 35.560001373291 36.4099998474121 36.0999984741211 38.3300018310547 40.7099990844727 39.6100006103516 38.4099998474121 37.7299995422363 37.9799995422363 38.5299987792969 39.7400016784668 39.5999984741211 38.5999984741211 37.8800010681152 38.4500007629395 39.0999984741211 38.9000015258789 39.1599998474121 39.3899993896484 39.1599998474121 38.5200004577637 37.2999992370605 35.8300018310547 34.8499984741211 34.0999984741211 34.0999984741211 34.0200004577637 34 34 34 -3.4e+38 -3.4e+38 -3.4e+38 -3.4e+38 -3.4e+38 -3.4e+38 -3.4e+38 -3.4e+38 -3.4e+38 -3.4e+38 -3.4e+38 -3.4e+38 -3.4e+38 -3.4e+38 -3.4e+38 -3.4e+38 -3.4e+38 -3.4e+38
13.4099998474121 17.8500003814697 23.6900005340576 29.8299999237061 33.7400016784668 35.4099998474121 36.3800010681152 37.5200004577637 38.8199996948242 39.2700004577637 38.7099990844727 38.0200004577637 38 37.6399993896484 36.8400001525879 36.7000007629395 37.7200012207031 39.6300010681152 39.7299995422363 38.4000015258789 37.560001373291 37.1599998474121 37.5 38.3300018310547 38.5499992370605 37.6399993896484 37.0099983215332 36.1599998474121 35.0499992370605 34.439998626709 34.2000007629395 34.84375 34 -3.4e+38 -3.4e+38 -3.4e+38 -3.4e+38 -3.4e+38 -3.4e+38 -3.4e+38 -3.4e+38 -3.4e+38 -3.4e+38 -3.4e+38 -3.4e+38 -3.4e+38 -3.4e+38 -3.4e+38 -3.4e+38 -3.4e+38 -3.4e+38 -3.4e+38 -3.4e+38
13.4499998092651 17.1700000762939 23.1800003051758 30.0499992370605 33.9900016784668 34.8899993896484 35.8300018310547 37.5999984741211 38.4500007629395 37.9000015258789 37.6300010681152 37.0999984741211 37.0999984741211 36.4300003051758 35.2799987792969 35.9099998474121 38.0699996948242 40.5400009155273 39.5999984741211 35.1300010681152 33.2000007629395 34.1399993896484 35.1699981689453 35.7999992370605 36.3300018310547 36.1800003051758 36.4099998474121 36.7999992370605 35.8199996948242 34.5200004577637 34 34.0999984741211 -3.4e+38 -3.4e+38 -3.4e+38 -3.4e+38 -3.4e+38 -3.4e+38 -3.4e+38 -3.4e+38 -3.4e+38 -3.4e+38 -3.4e+38 -3.4e+38 -3.4e+38 -3.4e+38 -3.4e+38 -3.4e+38 -3.4e+38 -3.4e+38 -3.4e+38 -3.4e+38 -3.4e+38
14.7299995422363 16.6700000762939 21.6000003814697 27.3099994659424 31.0400009155273 33.2099990844727 34.439998626709 34.6500015258789 35.2799987792969 35.5800018310547 36.060001373291 35.9000015258789 36.0499992370605 36.0299987792969 36.0999984741211 36.8300018310547 38.8300018310547 40.1399993896484 38.7799987792969 34.0900001525879 30.8500003814697 30.9099998474121 32.2099990844727 33.5200004577637 34.189998626709 34.2000007629395 34.5400009155273 35.189998626709 34.7299995422363 33.6800003051758 33.15625 34 -3.4e+38 -3.4e+38 -3.4e+38 -3.4e+38 -3.4e+38 -3.4e+38 -3.4e+38 -3.4e+38 -3.4e+38 -3.4e+38 -3.4e+38 -3.4e+38 -3.4e+38 -3.4e+38 -3.4e+38 -3.4e+38 -3.4e+38 -3.4e+38 -3.4e+38 -3.4e+38 -3.4e+38
15.3299999237061 16.1100006103516 19.6399993896484 23.5699996948242 26.7399997711182 29.2800006866455 30.2099990844727 29.9599990844727 30.7999992370605 32 33.0400009155273 33.560001373291 34.9099998474121 36.6300010681152 38.0900001525879 39.1199989318848 40.189998626709 41.1699981689453 39.9300003051758 34.5499992370605 29.8299999237061 29.2299995422363 29.7000007629395 30.7800006866455 31.2999992370605 31.2800006866455 31.6200008392334 32.5 32.7599983215332 32.359375 33 -3.4e+38 -3.4e+38 -3.4e+38 -3.4e+38 -3.4e+38 -3.4e+38 -3.4e+38 -3.4e+38 -3.4e+38 -3.4e+38 -3.4e+38 -3.4e+38 -3.4e+38 -3.4e+38 -3.4e+38 -3.4e+38 -3.4e+38 -3.4e+38 -3.4e+38 -3.4e+38 -3.4e+38 -3.4e+38
14.2200002670288 14.1300001144409 16.7000007629395 20.0400009155273 23.1900005340576 25.4200000762939 26.2600002288818 25.5100002288818 26.1399993896484 27.3899993896484 27.7399997711182 30.0499992370605 33.3400001525879 36.6300010681152 39.8300018310547 41.1199989318848 41.0900001525879 41.189998626709 38.7200012207031 33.5099983215332 29.4599990844727 28.6399993896484 28.1900005340576 28.4099998474121 28.8700008392334 28.6299991607666 27.7999992370605 28.5599994659424 29.890625 32 -3.4e+38 -3.4e+38 -3.4e+38 -3.4e+38 -3.4e+38 -3.4e+38 -3.4e+38 -3.4e+38 -3.4e+38 -3.4e+38 -3.4e+38 -3.4e+38 -3.4e+38 -3.4e+38 -3.4e+38 -3.4e+38 -3.4e+38 -3.4e+38 -3.4e+38 -3.4e+38 -3.4e+38 -3.4e+38 -3.4e+38
12.3699998855591 12.5799999237061 14.4899997711182 17.6000003814697 20.6900005340576 23.5699996948242 25.0100002288818 25.1100006103516 25.6900005340576 25.7099990844727 24.75 27.0400009155273 31.6599998474121 36.4900016784668 39.7299995422363 40.5800018310547 39.310001373291 37.310001373291 34 30.4099998474121 28.2800006866455 27.5100002288818 26.515625 28 28.3999996185303 26.5652179718018 26.1000003814697 26.34375 29 -3.4e+38 -3.4e+38 -3.4e+38 -3.4e+38 -3.4e+38 -3.4e+38 -3.4e+38 -3.4e+38 -3.4e+38 -3.4e+38 -3.4e+38 -3.4e+38 -3.4e+38 -3.4e+38 -3.4e+38 -3.4e+38 -3.4e+38 -3.4e+38 -3.4e+38 -3.4e+38 -3.4e+38 -3.4e+38 -3.4e+38 -3.4e+38
11.0100002288818 11.5100002288818 13.2899999618530 16.5599994659424 20.5499992370605 24.1000003814697 25.8899993896484 26.3700008392334 28.2399997711182 27.6200008392334 24.0900001525879 25.1700000762939 30.3199996948242 35.1500015258789 37.8499984741211 38.3600006103516 36.5800018310547 33.1599998474121 29.3500003814697 28.6900005340576 28.9699993133545 28.2099990844727 27 -3.4e+38 -3.4e+38 26 26 26 -3.4e+38 -3.4e+38 -3.4e+38 -3.4e+38 -3.4e+38 -3.4e+38 -3.4e+38 -3.4e+38 -3.4e+38 -3.4e+38 -3.4e+38 -3.4e+38 -3.4e+38 -3.4e+38 -3.4e+38 -3.4e+38 -3.4e+38 -3.4e+38 -3.4e+38 -3.4e+38 -3.4e+38 -3.4e+38 -3.4e+38 -3.4e+38 -3.4e+38
9.53999996185303 10.5100002288818 12 15.25 20.2299995422363 24.6700000762939 25.8199996948242 25.3999996185303 26.0100002288818 24.7999992370605 22.7399997711182 23.3899993896484 27.3999996185303 31.6000003814697 34.2400016784668 35.310001373291 34.4900016784668 31.0699996948242 27.4500007629395 27.9899997711182 29.9200000762939 30.2800006866455 28.0416660308838 27 -3.4e+38 -3.4e+38 -3.4e+38 -3.4e+38 -3.4e+38 -3.4e+38 -3.4e+38 -3.4e+38 -3.4e+38 -3.4e+38 -3.4e+38 -3.4e+38 -3.4e+38 -3.4e+38 -3.4e+38 -3.4e+38 -3.4e+38 -3.4e+38 -3.4e+38 -3.4e+38 -3.4e+38 -3.4e+38 -3.4e+38 -3.4e+38 -3.4e+38 -3.4e+38 -3.4e+38 -3.4e+38 -3.4e+38
