pkg/rmaxent/inst/layers/pre6190_ann.asc
NCOLS 122 
NROWS 160 
XLLCORNER -94.8 
YLLCORNER -56.45 
CELLSIZE 0.5 
NODATA_value -3.4e+38 
[rows 96 to 119 of 160, columns 54 to 107 of 122]
7.07000017166138 8.65999984741211 10.3500003814697 12.9499998092651 17.1599998474121 19.7299995422363 20.0300006866455 20.0699996948242 19.5200004577637 18.5400009155273 18 18.2900009155273 19.3199996948242 21.0200004577637 23.0400009155273 24.6000003814697 26.2600002288818 27.8500003814697 30.0200004577637 32.2799987792969 35.1599998474121 37.2999992370605 38.7299995422363 41.0900001525879 42.8400001525879 43.0099983215332 44.0200004577637 45.4199981689453 46.0900001525879 45.9799995422363 45.7700004577637 45.3300018310547 44.4199981689453 43.5 42.7700004577637 41.8499984741211 40.7200012207031 41.1199989318848 43.8800010681152 48.3699989318848 53.7799987792969 58.390625 74.0999984741211 82 -3.4e+38 -3.4e+38 -3.4e+38 -3.4e+38 -3.4e+38 -3.4e+38 -3.4e+38 -3.4e+38 -3.4e+38 -3.4e+38
7 8.9399995803833 11.8000001907349 15.6899995803833 17.6299991607666 17.8299999237061 18.0900001525879 17.9300003051758 18.2700004577637 18.0200004577637 18 18.7399997711182 20.6100006103516 22.6100006103516 24.7199993133545 26.5799999237061 28.1399993896484 29.6599998474121 31.8299999237061 34.2299995422363 36.7099990844727 38.3699989318848 40.0299987792969 42.4300003051758 43.189998626709 43.3199996948242 45.5200004577637 47.1300010681152 47.689998626709 47.4500007629395 46.9799995422363 46.5099983215332 45.5099983215332 44.439998626709 43.2099990844727 41.6599998474121 40.6800003051758 41.7200012207031 46.6599998474121 52.7700004577637 56.359375 59 -3.4e+38 -3.4e+38 -3.4e+38 -3.4e+38 -3.4e+38 -3.4e+38 -3.4e+38 -3.4e+38 -3.4e+38 -3.4e+38 -3.4e+38 -3.4e+38
7.67000007629395 9.68000030517578 12.8000001907349 16.6599998474121 18.1000003814697 17.9799995422363 18 17.9799995422363 18 17.6800003051758 17.5599994659424 18.8999996185303 21.1499996185303 24.0400009155273 26.5200004577637 28.2000007629395 29.7000007629395 32.0299987792969 35.6399993896484 38.1399993896484 39.1399993896484 40.2099990844727 40.8699989318848 41.9799995422363 43.3300018310547 44.5099983215332 46.5699996948242 48.2099990844727 48.9000015258789 48.7700004577637 48.4199981689453 47.5099983215332 46.5099983215332 45.1500015258789 43.310001373291 41.3400001525879 40.0900001525879 42.4500007629395 49.4799995422363 55.265625 57 -3.4e+38 -3.4e+38 -3.4e+38 -3.4e+38 -3.4e+38 -3.4e+38 -3.4e+38 -3.4e+38 -3.4e+38 -3.4e+38 -3.4e+38 -3.4e+38 -3.4e+38
8.07999992370605 10.3100004196167 12.4700002670288 16.8899993896484 19.5300006866455 18.5300006866455 18.8999996185303 18.3600006103516 17.6800003051758 17.0200004577637 17.4300003051758 18.9599990844727 21.6800003051758 25.0599994659424 27.6599998474121 29.6100006103516 31.2000007629395 32.6399993896484 35.4199981689453 39.0800018310547 41.3199996948242 42 41.0800018310547 41.939998626709 44.3199996948242 44.9900016784668 46.3400001525879 48.4300003051758 49.3199996948242 49.9000015258789 49.5400009155273 48.5499992370605 47.5099983215332 46.0900001525879 43.7999992370605 41.439998626709 41.1800003051758 44.5999984741211 48.234375 56 -3.4e+38 -3.4e+38 -3.4e+38 -3.4e+38 -3.4e+38 -3.4e+38 -3.4e+38 -3.4e+38 -3.4e+38 -3.4e+38 -3.4e+38 -3.4e+38 -3.4e+38 -3.4e+38
7.94000005722046 10.3000001907349 13.3999996185303 17.5799999237061 21.0300006866455 21.1499996185303 19.0900001525879 17.7399997711182 17.0200004577637 17 17.7800006866455 20.0400009155273 22.9699993133545 25.7800006866455 28 30.1599998474121 32.6100006103516 34.4500007629395 36.4599990844727 38.4500007629395 41.0200004577637 43.9099998474121 44.4099998474121 44.9799995422363 45.3300018310547 45.2099990844727 46.9500007629395 48.810001373291 49.9700012207031 50.2599983215332 50.7700004577637 49.9700012207031 48.4599990844727 47.0699996948242 45.0400009155273 43.2700004577637 43.3400001525879 45.2099990844727 46.1833343505859 -3.4e+38 -3.4e+38 -3.4e+38 -3.4e+38 -3.4e+38 -3.4e+38 -3.4e+38 -3.4e+38 -3.4e+38 -3.4e+38 -3.4e+38 -3.4e+38 -3.4e+38 -3.4e+38 -3.4e+38
8.07999992370605 10.8999996185303 13.8699998855591 18.0499992370605 21.8899993896484 21.2900009155273 18.4300003051758 17.0300006866455 17 17.3500003814697 18.7099990844727 21.0699996948242 24.0599994659424 27 29.1299991607666 30.7700004577637 33.1199989318848 35.5099983215332 36.9300003051758 37.6300010681152 39.6599998474121 43.5800018310547 47.0800018310547 47.8400001525879 48.0200004577637 48.8300018310547 49.6399993896484 49.9199981689453 50 50.4599990844727 51 50.4700012207031 49.1399993896484 47.560001373291 46.0800018310547 44.4599990844727 43.9900016784668 44.2200012207031 44.2666664123535 -3.4e+38 -3.4e+38 -3.4e+38 -3.4e+38 -3.4e+38 -3.4e+38 -3.4e+38 -3.4e+38 -3.4e+38 -3.4e+38 -3.4e+38 -3.4e+38 -3.4e+38 -3.4e+38 -3.4e+38
7.78000020980835 9.56999969482422 12.0299997329712 15.9700002670288 19.1700000762939 19.7399997711182 18.2000007629395 17 17.3199996948242 18.2199993133545 19.6700000762939 21.7399997711182 24.5900001525879 27.7199993133545 29.7399997711182 31.6599998474121 33.3800010681152 34.6500015258789 36.0800018310547 38 40.4300003051758 43.1399993896484 45.6500015258789 47.2900009155273 50.1500015258789 52 51.7000007629395 51.3300018310547 50.9000015258789 50.9799995422363 50.6599998474121 50.0200004577637 49.5900001525879 48.1599998474121 46.6199989318848 45.1599998474121 43.7400016784668 43.0999984741211 43.0999984741211 -3.4e+38 -3.4e+38 -3.4e+38 -3.4e+38 -3.4e+38 -3.4e+38 -3.4e+38 -3.4e+38 -3.4e+38 -3.4e+38 -3.4e+38 -3.4e+38 -3.4e+38 -3.4e+38 -3.4e+38
6.75 8.14999961853027 10.7200002670288 13.9300003051758 16.1200008392334 17.6299991607666 17.5300006866455 17.2900009155273 17.9799995422363 18.4899997711182 19.9400005340576 22.1599998474121 25.0499992370605 27.7800006866455 29.8099994659424 31.8999996185303 33.4000015258789 34.3400001525879 35.7799987792969 37.810001373291 39.9300003051758 41.9799995422363 43.6800003051758 45.810001373291 49.6800003051758 52.2799987792969 52.3600006103516 51.5200004577637 50.6599998474121 50.0999984741211 49.7299995422363 49.560001373291 50 49.0699996948242 47.4300003051758 45.9099998474121 43.6500015258789 42.060001373291 42.033332824707 -3.4e+38 -3.4e+38 -3.4e+38 -3.4e+38 -3.4e+38 -3.4e+38 -3.4e+38 -3.4e+38 -3.4e+38 -3.4e+38 -3.4e+38 -3.4e+38 -3.4e+38 -3.4e+38 -3.4e+38
7.17999982833862 8.31999969482422 9.9700002670288 11.8199996948242 13.6300001144409 15.7299995422363 16.6900005340576 17.7800006866455 18.9400005340576 19.3799991607666 20.7700004577637 22.7700004577637 24.9500007629395 26.9200000762939 29.2000007629395 31.7700004577637 33.2900009155273 33.9500007629395 34.9300003051758 36.9300003051758 39.2999992370605 41.4700012207031 42.6100006103516 44.7999992370605 48.3600006103516 50.9099998474121 51.5800018310547 50.6399993896484 49.7099990844727 49.0999984741211 48.9700012207031 49.2299995422363 49.7999992370605 49.3600006103516 47.6500015258789 44.8699989318848 42.3199996948242 40.8300018310547 40.283332824707 -3.4e+38 -3.4e+38 -3.4e+38 -3.4e+38 -3.4e+38 -3.4e+38 -3.4e+38 -3.4e+38 -3.4e+38 -3.4e+38 -3.4e+38 -3.4e+38 -3.4e+38 -3.4e+38 -3.4e+38
6.96000003814697 8.43000030517578 9.92000007629395 11.4300003051758 12.9499998092651 14.8599996566772 16.6499996185303 18.6800003051758 20.3299999237061 21.1900005340576 22.1900005340576 23.6800003051758 25.3099994659424 26.4699993133545 27.9599990844727 30.5699996948242 32.5900001525879 32.9700012207031 34.439998626709 36.2999992370605 39.2000007629395 41.4000015258789 42.7400016784668 44.8199996948242 46.9799995422363 48.7000007629395 49.3300018310547 49.0900001525879 48.560001373291 47.9000015258789 47.5900001525879 47.1599998474121 47.4199981689453 47.3600006103516 45.9500007629395 42.7299995422363 39.75 40.5999984741211 40 -3.4e+38 -3.4e+38 -3.4e+38 -3.4e+38 -3.4e+38 -3.4e+38 -3.4e+38 -3.4e+38 -3.4e+38 -3.4e+38 -3.4e+38 -3.4e+38 -3.4e+38 -3.4e+38 -3.4e+38
6.90000009536743 8.73999977111816 10.3400001525879 11.7600002288818 13.3100004196167 14.4700002670288 16.2999992370605 19.4500007629395 22.0699996948242 22.7199993133545 23.3099994659424 24.3799991607666 25.3999996185303 26.3999996185303 27.0900001525879 28.2299995422363 30.1800003051758 31.9099998474121 33.8699989318848 36.2299995422363 39.2000007629395 41.3199996948242 42.75 44.7000007629395 46.2900009155273 47.0200004577637 47.2799987792969 46.8800010681152 46 45.4000015258789 45 44 42.6300010681152 41.1500015258789 40.5900001525879 39.8125 39 -3.4e+38 -3.4e+38 -3.4e+38 -3.4e+38 -3.4e+38 -3.4e+38 -3.4e+38 -3.4e+38 -3.4e+38 -3.4e+38 -3.4e+38 -3.4e+38 -3.4e+38 -3.4e+38 -3.4e+38 -3.4e+38 -3.4e+38
6.90000009536743 8.89999961853027 10.7399997711182 12.3400001525879 13.4899997711182 14.5 16.3299999237061 19.6299991607666 22.7399997711182 23.8899993896484 24.2199993133545 24.9799995422363 25.4599990844727 26.3999996185303 27 27.4699993133545 29.0200004577637 31.0200004577637 33.2999992370605 36.5 39.2400016784668 40.4599990844727 41.5 43 44.2999992370605 44.7200012207031 45.189998626709 44.7700004577637 43.810001373291 43.3499984741211 42.7999992370605 41.4700012207031 39.5299987792969 37.9799995422363 37.439998626709 37.283332824707 -3.4e+38 -3.4e+38 -3.4e+38 -3.4e+38 -3.4e+38 -3.4e+38 -3.4e+38 -3.4e+38 -3.4e+38 -3.4e+38 -3.4e+38 -3.4e+38 -3.4e+38 -3.4e+38 -3.4e+38 -3.4e+38 -3.4e+38 -3.4e+38
6.90000009536743 8.89999961853027 10.8999996185303 12.7399997711182 14.2100000381470 15.6099996566772 17.5699996948242 20.2000007629395 22.7999992370605 24 24.3999996185303 25.2600002288818 25.9799995422363 26.3999996185303 27 27.4899997711182 28.9200000762939 30.8999996185303 33.2000007629395 35.9700012207031 38.0299987792969 39.2200012207031 39.6800003051758 41.0499992370605 42.2799987792969 42.5999984741211 42.8400001525879 42.3400001525879 42.1800003051758 41.6599998474121 40.7999992370605 39.4199981689453 37.8199996948242 37.0299987792969 37.2599983215332 37.9000015258789 -3.4e+38 -3.4e+38 -3.4e+38 -3.4e+38 -3.4e+38 -3.4e+38 -3.4e+38 -3.4e+38 -3.4e+38 -3.4e+38 -3.4e+38 -3.4e+38 -3.4e+38 -3.4e+38 -3.4e+38 -3.4e+38 -3.4e+38 -3.4e+38
6.90000009536743 8.90999984741211 10.9399995803833 12.9399995803833 14.4899997711182 15.9200000762939 18.4300003051758 21.1599998474121 22.4699993133545 23.5499992370605 24.3999996185303 25.3999996185303 26 26.3999996185303 27.2600002288818 28.2199993133545 29.2600002288818 30.7800006866455 33.0999984741211 35.7000007629395 37.310001373291 38.0099983215332 38.5099983215332 39.5400009155273 40.2799987792969 40.3199996948242 40.3400001525879 40.2999992370605 40.2099990844727 39.7700004577637 38.810001373291 37.7999992370605 36.6599998474121 36.560001373291 37.0625 38 -3.4e+38 -3.4e+38 -3.4e+38 -3.4e+38 -3.4e+38 -3.4e+38 -3.4e+38 -3.4e+38 -3.4e+38 -3.4e+38 -3.4e+38 -3.4e+38 -3.4e+38 -3.4e+38 -3.4e+38 -3.4e+38 -3.4e+38 -3.4e+38
6.90999984741211 9.15999984741211 11.6700000762939 13.6800003051758 15.2399997711182 16.4099998474121 18.3299999237061 20.9599990844727 22.3999996185303 23.3999996185303 24.3400001525879 25.3199996948242 26 26.3999996185303 27.3400001525879 28.3199996948242 29 29.9300003051758 31.9300003051758 34 35.6300010681152 36.5900001525879 37.5099983215332 38.2299995422363 38.3899993896484 38.3499984741211 38.2099990844727 38.2000007629395 37.8699989318848 37.439998626709 37.2299995422363 36.3199996948242 35.6699981689453 36.0625 37 -3.4e+38 -3.4e+38 -3.4e+38 -3.4e+38 -3.4e+38 -3.4e+38 -3.4e+38 -3.4e+38 -3.4e+38 -3.4e+38 -3.4e+38 -3.4e+38 -3.4e+38 -3.4e+38 -3.4e+38 -3.4e+38 -3.4e+38 -3.4e+38 -3.4e+38
7.15999984741211 9.73999977111816 12.1599998474121 14.3400001525879 15.7799997329712 17.2999992370605 18.7800006866455 20.9400005340576 22.4599990844727 23.3999996185303 24 24.5900001525879 25.5599994659424 26.3999996185303 27 27.5900001525879 28.5599994659424 29.4099998474121 30.6200008392334 32.0999984741211 34.0099983215332 35.5 36.4700012207031 37.0200004577637 37.0499992370605 36.6699981689453 35.9599990844727 35.5 35.6699981689453 35.9900016784668 35.7000007629395 35.25 35.4000015258789 36 -3.4e+38 -3.4e+38 -3.4e+38 -3.4e+38 -3.4e+38 -3.4e+38 -3.4e+38 -3.4e+38 -3.4e+38 -3.4e+38 -3.4e+38 -3.4e+38 -3.4e+38 -3.4e+38 -3.4e+38 -3.4e+38 -3.4e+38 -3.4e+38 -3.4e+38 -3.4e+38
7.73999977111816 10.1999998092651 12.7899999618530 14.8100004196167 16.6599998474121 18.2399997711182 19.7099990844727 21.6800003051758 22.9699993133545 23.3999996185303 24 24.3999996185303 25.3400001525879 26.3199996948242 27 27.3999996185303 28.3999996185303 29 29.8199996948242 31.3400001525879 32.9000015258789 34.4599990844727 35.1500015258789 35.5499992370605 35.6599998474121 35.2799987792969 34.8499984741211 34.0999984741211 34.2299995422363 34.3899993896484 34.359375 35 -3.4e+38 -3.4e+38 -3.4e+38 -3.4e+38 -3.4e+38 -3.4e+38 -3.4e+38 -3.4e+38 -3.4e+38 -3.4e+38 -3.4e+38 -3.4e+38 -3.4e+38 -3.4e+38 -3.4e+38 -3.4e+38 -3.4e+38 -3.4e+38 -3.4e+38 -3.4e+38 -3.4e+38 -3.4e+38
8.15999984741211 10.9899997711182 13.8900003433228 15.8400001525879 16.8999996185303 18.7399997711182 20.5599994659424 22.2299995422363 23 23.3999996185303 24 24.3999996185303 25 25.5900001525879 26.5599994659424 27.3999996185303 28.3999996185303 28.7999992370605 28.7199993133545 30.0300006866455 31.8700008392334 33.1399993896484 33.5900001525879 34.2299995422363 34.2700004577637 34.439998626709 34.8899993896484 34.2900009155273 33.6599998474121 33.0999984741211 33.0999984741211 -3.4e+38 -3.4e+38 -3.4e+38 -3.4e+38 -3.4e+38 -3.4e+38 -3.4e+38 -3.4e+38 -3.4e+38 -3.4e+38 -3.4e+38 -3.4e+38 -3.4e+38 -3.4e+38 -3.4e+38 -3.4e+38 -3.4e+38 -3.4e+38 -3.4e+38 -3.4e+38 -3.4e+38 -3.4e+38 -3.4e+38
8.76000022888184 10.9300003051758 13.3400001525879 15.4700002670288 16.7800006866455 18.7800006866455 20.3899993896484 21.5 22.5300006866455 23.3400001525879 24 24.3999996185303 25 25.4899997711182 26.4899997711182 27.4599990844727 28.3999996185303 29 28.9799995422363 29.4400005340576 30.5900001525879 31.5900001525879 32.4700012207031 32.9900016784668 33 33.1300010681152 33.2900009155273 33.1800003051758 32.6699981689453 32.15625 33 -3.4e+38 -3.4e+38 -3.4e+38 -3.4e+38 -3.4e+38 -3.4e+38 -3.4e+38 -3.4e+38 -3.4e+38 -3.4e+38 -3.4e+38 -3.4e+38 -3.4e+38 -3.4e+38 -3.4e+38 -3.4e+38 -3.4e+38 -3.4e+38 -3.4e+38 -3.4e+38 -3.4e+38 -3.4e+38 -3.4e+38
9.23999977111816 10.7799997329712 12.8100004196167 14.5 15.9099998474121 17.8999996185303 19.5 20.5100002288818 21.8199996948242 22.9200000762939 23.5300006866455 24.3999996185303 25.2900009155273 26.2800006866455 27.2199993133545 27.9799995422363 28.4599990844727 29 28.7399997711182 28.8500003814697 29.8899993896484 30.4400005340576 31.1499996185303 31.3899993896484 31.3500003814697 31.2999992370605 31.3299999237061 31.3999996185303 31.359375 32 -3.4e+38 -3.4e+38 -3.4e+38 -3.4e+38 -3.4e+38 -3.4e+38 -3.4e+38 -3.4e+38 -3.4e+38 -3.4e+38 -3.4e+38 -3.4e+38 -3.4e+38 -3.4e+38 -3.4e+38 -3.4e+38 -3.4e+38 -3.4e+38 -3.4e+38 -3.4e+38 -3.4e+38 -3.4e+38 -3.4e+38 -3.4e+38
8.59000015258789 10.0299997329712 11.9200000762939 13.5500001907349 15.0299997329712 17.0200004577637 18.5799999237061 19.5900001525879 20.6000003814697 21.5900001525879 22.8799991607666 24.4300003051758 25.7800006866455 26.9699993133545 27.4599990844727 28.2000007629395 28.9799995422363 28.9500007629395 28.4400005340576 27.9899997711182 28.2900009155273 28.7000007629395 29.6700000762939 30.1000003814697 29.7900009155273 29.3999996185303 29.6499996185303 30.15625 31 -3.4e+38 -3.4e+38 -3.4e+38 -3.4e+38 -3.4e+38 -3.4e+38 -3.4e+38 -3.4e+38 -3.4e+38 -3.4e+38 -3.4e+38 -3.4e+38 -3.4e+38 -3.4e+38 -3.4e+38 -3.4e+38 -3.4e+38 -3.4e+38 -3.4e+38 -3.4e+38 -3.4e+38 -3.4e+38 -3.4e+38 -3.4e+38 -3.4e+38
8.36999988555908 9.80000019073486 11.4399995803833 12.9700002670288 14.9399995803833 16.9200000762939 18.3999996185303 19.3999996185303 20 20.5100002288818 22.2399997711182 24.6499996185303 26.5599994659424 27.8899993896484 27.9799995422363 28 28.0499992370605 27.6700000762939 26.8999996185303 26.3999996185303 26.3999996185303 26.5625 29.3999996185303 30 28.4130439758301 28.1000003814697 28.265625 30 -3.4e+38 -3.4e+38 -3.4e+38 -3.4e+38 -3.4e+38 -3.4e+38 -3.4e+38 -3.4e+38 -3.4e+38 -3.4e+38 -3.4e+38 -3.4e+38 -3.4e+38 -3.4e+38 -3.4e+38 -3.4e+38 -3.4e+38 -3.4e+38 -3.4e+38 -3.4e+38 -3.4e+38 -3.4e+38 -3.4e+38 -3.4e+38 -3.4e+38 -3.4e+38
7.86999988555908 9.4399995803833 10.9600000381470 13.1199998855591 15.6599998474121 17.3099994659424 18.3999996185303 19.3400001525879 19.6800003051758 19.5900001525879 21.3500003814697 24.2000007629395 26.3400001525879 27.4699993133545 28 27.6800003051758 26.8199996948242 26.2800006866455 26.0200004577637 25.6800003051758 25.5599994659424 26 -3.4e+38 -3.4e+38 28 28 28 -3.4e+38 -3.4e+38 -3.4e+38 -3.4e+38 -3.4e+38 -3.4e+38 -3.4e+38 -3.4e+38 -3.4e+38 -3.4e+38 -3.4e+38 -3.4e+38 -3.4e+38 -3.4e+38 -3.4e+38 -3.4e+38 -3.4e+38 -3.4e+38 -3.4e+38 -3.4e+38 -3.4e+38 -3.4e+38 -3.4e+38 -3.4e+38 -3.4e+38 -3.4e+38 -3.4e+38
7.3899998664856 8.84000015258789 10.7799997329712 13.1000003814697 15.6999998092651 17.2399997711182 18.2399997711182 18.9200000762939 19.0200004577637 19.3199996948242 20.8099994659424 22.9300003051758 24.9300003051758 26.4200000762939 27.0200004577637 27.0200004577637 26.5200004577637 25.6599998474121 25.1000003814697 25.0200004577637 25.3400001525879 26 26 -3.4e+38 -3.4e+38 -3.4e+38 -3.4e+38 -3.4e+38 -3.4e+38 -3.4e+38 -3.4e+38 -3.4e+38 -3.4e+38 -3.4e+38 -3.4e+38 -3.4e+38 -3.4e+38 -3.4e+38 -3.4e+38 -3.4e+38 -3.4e+38 -3.4e+38 -3.4e+38 -3.4e+38 -3.4e+38 -3.4e+38 -3.4e+38 -3.4e+38 -3.4e+38 -3.4e+38 -3.4e+38 -3.4e+38 -3.4e+38 -3.4e+38
