pkg/rmaxent/inst/layers/pre6190_l7.asc
NCOLS 122 
NROWS 160 
XLLCORNER -94.8 
YLLCORNER -56.45 
CELLSIZE 0.5 
NODATA_value -3.4e+38 
[rows 78 to 103 of 160, columns 57 to 113 of 122]
21.3899993896484 22.9300003051758 22.9400005340576 20.8999996185303 17.1599998474121 13.1599998474121 9.6599998474121 7.61999988555908 6.90999984741211 6.13000011444092 5 5 5 5 5.26000022888184 5.90000009536743 5.90000009536743 5.55999994277954 4.73000001907349 4 3.53999996185303 2.54999995231628 1.89999997615814 1.89999997615814 1.52999997138977 1.35000002384186 1.89999997615814 1.89999997615814 1.98000001907349 2 2 1.60000002384186 1 1.62000000476837 2.40000009536743 3.25999999046326 3.48000001907349 2.90000009536743 2.90000009536743 2.52999997138977 2 1.89999997615814 1.5 1 0.660000026226044 0 0.5 1 1.5 2.83999991416931 6.61999988555908 14.6999998092651 26.3199996948242 39.6500015258789 53.6399993896484 61.7333335876465 -3.4e+38
21.0300006866455 27.3999996185303 28.5799999237061 25.4300003051758 20.1200008392334 14.8100004196167 10.6700000762939 8.43000030517578 7.44000005722046 6.53000020980835 5.51000022888184 5.32000017166138 5.5 5 5.46000003814697 6.26000022888184 6.90000009536743 6.76999998092651 5.90999984741211 4.90999984741211 4.76999998092651 3.99000000953674 2.99000000953674 2.90000009536743 2.50999999046326 2.27999997138977 2.90000009536743 2.52999997138977 2 2 2 1.69000005722046 1.32000005245209 1.98000001907349 2.33999991416931 3.32999992370605 4 3.5 3.3199999332428 3.48000001907349 2.90000009536743 2.5 2 1.44000005722046 1 0.5 0 0.620000004768372 1.01999998092651 2.47000002861023 6.82000017166138 14.1599998474121 23.3700008392334 34.8300018310547 47.9700012207031 55.9833335876465 -3.4e+38
14.1400003433228 26.9899997711182 31.5499992370605 27.6599998474121 21.2800006866455 15.8400001525879 11.5200004577637 8.72999954223633 7.63000011444092 6.59999990463257 6 5.98000001907349 6 5.90000009536743 5.98000001907349 6.40000009536743 7 6.73999977111816 6.01000022888184 5.90999984741211 5.5 4.90999984741211 4.42000007629395 3.90000009536743 3.48000001907349 2.98000001907349 3.3199999332428 3.42000007629395 2.90000009536743 2.90000009536743 2.90000009536743 2.48000001907349 1.98000001907349 2 2 2.66000008583069 3.55999994277954 4 3.98000001907349 4 3.44000005722046 3 2.44000005722046 1.6599999666214 1 1 0.899999976158142 0.980000019073486 1.71000003814697 3.92000007629395 7.59999990463257 13.1599998474121 20.7099990844727 30.5699996948242 39 54.8333320617676 -3.4e+38
4.09000015258789 6.98999977111816 14.4799995422363 20.9599990844727 19.25 15.7899999618530 13.1099996566772 9.9700002670288 8.11999988555908 6.57000017166138 6 6 6 6 6 6.34000015258789 6.67999982833862 6.42000007629395 6.5 6 6 5.90000009536743 5.51000022888184 4.55999994277954 4.07999992370605 3.90000009536743 3.98000001907349 3.72000002861023 3.42000007629395 3.90000009536743 3.5 3 2.90000009536743 2.52999997138977 2.31999993324280 2.98000001907349 3.40000009536743 4 4.26000022888184 4.44000005722046 3.59999990463257 3 2.66000008583069 2 1.89999997615814 1.89999997615814 1.89999997615814 1.95000004768372 2.78999996185303 5.23000001907349 8.94999980926514 13.8699998855591 20.2800006866455 29.5 35.2333335876465 -3.4e+38 -3.4e+38
3.13000011444092 2.19000005722046 3.70000004768372 7.73000001907349 9.32999992370605 11.75 13.6599998474121 10.4099998474121 8.06999969482422 6.23999977111816 5.1100001335144 5.09999990463257 5.09999990463257 5.5 6 6 6.01999998092651 6.46000003814697 7 6.90000009536743 6.90000009536743 6.90000009536743 6.51000022888184 5.76999998092651 5.42000007629395 4.90000009536743 4.90000009536743 4.76999998092651 4.73000001907349 4.55999994277954 4.07999992370605 3.90000009536743 3.90000009536743 3.48000001907349 2.98000001907349 3 3.46000003814697 4 4.34000015258789 4.53999996185303 3.66000008583069 3 3 2.5 2 2 2.31999993324280 3.1800000667572 4.48000001907349 7.09000015258789 10.6499996185303 14.8100004196167 21.0200004577637 29.4500007629395 35 -3.4e+38 -3.4e+38
2.5 2.14000010490417 1.16999995708466 2.45000004768372 4.34999990463257 6.92999982833862 8.72000026702881 7.53000020980835 6.28000020980835 5.53000020980835 5 5 5 5 5.61999988555908 6 6.26000022888184 7 7.40999984741211 7.94999980926514 8.09000015258789 7.98000001907349 7.53999996185303 6.98000001907349 6.53999996185303 5.98000001907349 5.90000009536743 5.90000009536743 5.90000009536743 5.76999998092651 5.44999980926514 4.98000001907349 4.53000020980835 4 3.90000009536743 3.90000009536743 3.98000001907349 4 4 4.01999998092651 4 3.90000009536743 3.5 3 2.52999997138977 2.34999990463257 2.98000001907349 3.33999991416931 4.78000020980835 6.84999990463257 9.8100004196167 14.3999996185303 20.7199993133545 25.8125 35 -3.4e+38 -3.4e+38
0.699999988079071 1.14999997615814 1 1.89999997615814 3.47000002861023 4.01999998092651 3.84999990463257 3.92000007629395 4.30999994277954 4.28000020980835 4.09999990463257 4.55999994277954 5 5.19999980926514 5.98000001907349 6 6.5 7.78999996185303 8.90999984741211 9.34000015258789 9.6899995803833 9.44999980926514 8.85000038146973 8.44999980926514 7.84999990463257 7.44999980926514 6.98000001907349 6.94999980926514 7.09000015258789 7.09999990463257 6.84999990463257 6.42000007629395 5.44999980926514 4.5 4 4 4.32000017166138 4.90000009536743 4.90000009536743 4.53000020980835 4.32000017166138 4.5 4 3.90000009536743 3.48000001907349 3.27999997138977 3.5 3 3.99000000953674 5.86999988555908 8.67000007629395 13.1700000762939 19.0900001525879 23.2166671752930 -3.4e+38 -3.4e+38 -3.4e+38
0 0.100000001490116 0.5 1.77999997138977 3.32999992370605 3.22000002861023 1.76999998092651 1.71000003814697 2.59999990463257 3.49000000953674 4 4.34000015258789 5 5 5.59000015258789 6.3899998664856 7.84000015258789 9.6899995803833 10.8800001144409 10.9300003051758 11.1000003814697 10.8500003814697 10.4499998092651 9.85000038146973 9.44999980926514 8.85000038146973 8.42000007629395 8.23999977111816 8.6899995803833 8.69999980926514 8.42000007629395 7.51000022888184 6.15000009536743 5 4.53000020980835 4.32000017166138 4.98000001907349 5.26000022888184 5.90000009536743 5.48000001907349 4.98000001907349 5 4.5 4 4 3.98000001907349 4 3.90000009536743 3.99000000953674 4.75 7.44999980926514 12.3999996185303 18.2199993133545 22.0833339691162 -3.4e+38 -3.4e+38 -3.4e+38
0 0 0 1.02999997138977 2.52999997138977 2.36999988555908 1.02999997138977 1 1.60000002384186 2.59999990463257 3.55999994277954 4 4.55999994277954 5 5.78000020980835 7.92000007629395 10.6400003433228 12.6300001144409 12.8900003433228 12.8999996185303 12.7799997329712 12.4499998092651 11.9700002670288 11.4899997711182 10.8199996948242 10.3299999237061 9.42000007629395 8.97999954223633 9.31999969482422 9.89999961853027 9.42000007629395 8.42000007629395 7.07000017166138 5.90999984741211 5.48000001907349 4.98000001907349 5.05000019073486 5.55000019073486 6 6 5.90000009536743 5.53000020980835 5 4.90000009536743 4.90000009536743 4.90000009536743 4.90000009536743 4.94999980926514 5.09000015258789 5.84000015258789 8.93000030517578 14.6400003433228 20.3400001525879 22.8666667938232 -3.4e+38 -3.4e+38 -3.4e+38
0 0 0 0.800000011920929 2 2.00999999046326 1.45000004768372 1 1.39999997615814 2.40000009536743 3.40000009536743 4 4.40000009536743 5.28999996185303 6.71000003814697 8.78999996185303 11.9600000381470 14.6800003051758 14.6999998092651 14.6999998092651 14.3900003433228 13.7700004577637 13.6999998092651 13.2399997711182 12 10.6000003814697 9.60000038146973 9.19999980926514 9.97999954223633 10 9.53999996185303 8.60000038146973 7.53000020980835 6.51000022888184 6 5.90000009536743 6.23999977111816 6.71999979019165 6.90000009536743 6.90000009536743 6.90000009536743 6.48000001907349 5.90000009536743 5.5 5 5.34999990463257 5.90000009536743 6.26999998092651 7.05999994277954 8.72000026702881 12.0900001525879 18.3400001525879 23.921875 23 -3.4e+38 -3.4e+38 -3.4e+38
0 0 0 0.5 1.61000001430511 2 1.60000002384186 1 1.39999997615814 2.40000009536743 3.40000009536743 4 4.40000009536743 5.6399998664856 7.61999988555908 10.0900001525879 13.1000003814697 15 15 15 15 14.8999996185303 14.4399995803833 13.5699996948242 12.1800003051758 10.5399999618530 9.6599998474121 9 9.10000038146973 9.10000038146973 9.02000045776367 8.6899995803833 7.69000005722046 7 6.90000009536743 6.90000009536743 6.98000001907349 7.34999990463257 7.90000009536743 7.5 7.05000019073486 7.03999996185303 6.5 6 5.90000009536743 6.21999979019165 6.90000009536743 7.21999979019165 8.60999965667725 10.5600004196167 14.0100002288818 17.828125 25 -3.4e+38 -3.4e+38 -3.4e+38 -3.4e+38
0 0 0 0.740000009536743 1.97000002861023 2 1.60000002384186 1 1.39999997615814 2.40000009536743 3.40000009536743 4 4.34000015258789 5.44000005722046 7.67000007629395 11.4600000381470 14.3800001144409 15.4300003051758 15.4399995803833 15 15 15 14.6000003814697 13.25 11.3000001907349 10.0299997329712 10 9.5 9.35000038146973 9.89999961853027 9.89999961853027 9.53999996185303 8.57999992370605 7.98000001907349 7.90000009536743 7.90000009536743 7.94999980926514 8.36999988555908 8.52999973297119 8.05000019073486 8.32999992370605 8.02999973297119 7 6.5 6.26000022888184 6.51999998092651 6.55999994277954 7.40000009536743 8.90999984741211 11.25 13.7100000381470 14.6499996185303 -3.4e+38 -3.4e+38 -3.4e+38 -3.4e+38 -3.4e+38
0 0 0 0.959999978542328 2.06999993324280 2 1.60000002384186 1 1.3400000333786 2.32999992370605 3.36999988555908 4.01999998092651 4.07000017166138 4.92999982833862 7.90000009536743 12.6899995803833 16.2099990844727 16.6200008392334 15.4600000381470 15 15 15.0500001907349 14.7200002670288 12.9099998474121 10.3299999237061 9.10999965667725 9.64999961853027 10 10.3100004196167 10.9499998092651 11.0900001525879 10.8500003814697 10.3599996566772 9.48999977111816 9.10000038146973 9.10000038146973 9.34000015258789 9.77000045776367 9.56999969482422 9.34000015258789 9.7200002670288 9.11999988555908 7.6100001335144 7.07999992370605 6.67000007629395 6.01999998092651 6.40000009536743 7.36999988555908 9.14999961853027 12.2799997329712 14.390625 14 -3.4e+38 -3.4e+38 -3.4e+38 -3.4e+38 -3.4e+38
0 0 0.310000002384186 2.13000011444092 3.39000010490417 2.44000005722046 1.60000002384186 1 1 1.60000002384186 2.97000002861023 4.57000017166138 5.32000017166138 5.03999996185303 7.23999977111816 12.0399999618530 15.0699996948242 14.8800001144409 14.6400003433228 15 15.3199996948242 16.1800003051758 15.9600000381470 13.4200000762939 10.1099996566772 9.10999965667725 10.3599996566772 10.9499998092651 11.3800001144409 12.3400001525879 12.8800001144409 12.5100002288818 11.9700002670288 11.3999996185303 10.8999996185303 10.8999996185303 10.9300003051758 11.3400001525879 11.3500003814697 10.8100004196167 11.0100002288818 10.6400003433228 9.64000034332275 8.72999954223633 7.75 7.21000003814697 7.01999998092651 7.3899998664856 9.77000045776367 11.8199996948242 11.6499996185303 -3.4e+38 -3.4e+38 -3.4e+38 -3.4e+38 -3.4e+38 -3.4e+38
0 0 1.03999996185303 3.63000011444092 4.26000022888184 2.45000004768372 1.53999996185303 1 1 1.39999997615814 2.79999995231628 4.46999979019165 5.51000022888184 6.36999988555908 7.86999988555908 10.5600004196167 12.4899997711182 12.8900003433228 14.1999998092651 15.5399999618530 16.1800003051758 16.5900001525879 16.6800003051758 14.7600002288818 12.4399995803833 11.75 12.0200004577637 12.4399995803833 13.1999998092651 14.3000001907349 15.0699996948242 14.8299999237061 14.2600002288818 13.3599996566772 12.8999996185303 13.1300001144409 13.2600002288818 12.9300003051758 12.8500003814697 12.4600000381470 12.8299999237061 14.1599998474121 14.2200002670288 13.2700004577637 11.6000003814697 10.8999996185303 11.4399995803833 11.4200000762939 12.140625 11.6000003814697 11 -3.4e+38 -3.4e+38 -3.4e+38 -3.4e+38 -3.4e+38 -3.4e+38
0.319999992847443 0.899999976158142 1.45000004768372 2.04999995231628 1.69000005722046 1.27999997138977 1.01999998092651 1 1 1.49000000953674 2.55999994277954 4.26000022888184 6.61999988555908 8.5600004196167 9.77000045776367 10.6999998092651 12.0100002288818 13.5699996948242 16.7399997711182 18.5200004577637 18.7000007629395 18.8199996948242 18.5499992370605 17.4300003051758 16.2199993133545 15.6999998092651 15.6999998092651 15.4899997711182 15.5100002288818 17.3700008392334 19.0499992370605 17.9500007629395 16.25 15.0600004196167 14.8999996185303 14.9899997711182 15.3800001144409 15.3800001144409 14.5799999237061 14.4499998092651 16.8299999237061 19.5200004577637 20.2800006866455 19.6700000762939 17.5400009155273 18.4599990844727 18.15625 12.3999996185303 13 -3.4e+38 -3.4e+38 -3.4e+38 -3.4e+38 -3.4e+38 -3.4e+38 -3.4e+38 -3.4e+38
0.980000019073486 1.28999996185303 1.98000001907349 1.53999996185303 1 1 1.25999999046326 1.89999997615814 1.89999997615814 2.27999997138977 3.22000002861023 4.73999977111816 7.42999982833862 10.6899995803833 11.8500003814697 11.1999998092651 12.3699998855591 15.4200000762939 18.8999996185303 20.6900005340576 21 21.9699993133545 22.0499992370605 21.1499996185303 20.5 20.4599990844727 20.8099994659424 21 20.5100002288818 21.4300003051758 22.6499996185303 21.7399997711182 19.8799991607666 18.3400001525879 17.7999992370605 18.1299991607666 18.7700004577637 18.8199996948242 18.1599998474121 19.75 23.3999996185303 24.9699993133545 24.890625 21 18.7999992370605 20 20 -3.4e+38 -3.4e+38 -3.4e+38 -3.4e+38 -3.4e+38 -3.4e+38 -3.4e+38 -3.4e+38 -3.4e+38 -3.4e+38
1 1.66999995708466 2.08999991416931 1.02999997138977 1 1 1.39999997615814 2 2.25999999046326 2.98000001907349 3.40000009536743 4.80000019073486 7.26000022888184 10.3400001525879 12.7100000381470 13.4899997711182 14.4399995803833 17.3600006103516 19.8700008392334 20.0400009155273 21.5400009155273 24.0400009155273 24.5900001525879 24.5900001525879 24.6599998474121 25.0100002288818 25.8799991607666 26.6900005340576 26.4699993133545 25.9799995422363 26.2399997711182 25.2900009155273 24.1000003814697 22.6000003814697 21.5699996948242 22.0300006866455 24.0200004577637 26.1100006103516 28.5400009155273 35.0900001525879 39.234375 26 26 -3.4e+38 -3.4e+38 -3.4e+38 -3.4e+38 -3.4e+38 -3.4e+38 -3.4e+38 -3.4e+38 -3.4e+38 -3.4e+38 -3.4e+38 -3.4e+38 -3.4e+38 -3.4e+38
1.32000005245209 1.75 1.5900000333786 1.37999999523163 1 1 1.46000003814697 2 2.40000009536743 3 3.49000000953674 4.55999994277954 6.69999980926514 9.93000030517578 12.6099996566772 14.8699998855591 15.8400001525879 18.6700000762939 20.0799999237061 19.0400009155273 21.3700008392334 24.6100006103516 25.0900001525879 27.3799991607666 28.8999996185303 29.7999992370605 30.7999992370605 31.4599990844727 31.4300003051758 30.5900001525879 29.6599998474121 29.0499992370605 27.6599998474121 25.7999992370605 25.0100002288818 26.1599998474121 28.7600002288818 31.1599998474121 31.65625 38.5999984741211 44 -3.4e+38 -3.4e+38 -3.4e+38 -3.4e+38 -3.4e+38 -3.4e+38 -3.4e+38 -3.4e+38 -3.4e+38 -3.4e+38 -3.4e+38 -3.4e+38 -3.4e+38 -3.4e+38 -3.4e+38 -3.4e+38
1.98000001907349 1.6599999666214 1 1.01999998092651 1 1.25999999046326 1.98000001907349 2 2.49000000953674 3.34999990463257 4.30999994277954 5.30999994277954 7.1399998664856 9.9099998474121 12.4200000762939 14.3699998855591 15.1099996566772 17.2399997711182 19.9300003051758 21.5799999237061 24.8700008392334 25.6599998474121 24.8099994659424 29.2399997711182 32.4599990844727 33.9199981689453 34.9199981689453 35.560001373291 35.310001373291 34.3400001525879 33.2099990844727 31.4799995422363 28.9699993133545 27.7199993133545 27.5599994659424 28.5 30.2600002288818 31.140625 32 -3.4e+38 -3.4e+38 -3.4e+38 -3.4e+38 -3.4e+38 -3.4e+38 -3.4e+38 -3.4e+38 -3.4e+38 -3.4e+38 -3.4e+38 -3.4e+38 -3.4e+38 -3.4e+38 -3.4e+38 -3.4e+38 -3.4e+38 -3.4e+38
2.04999995231628 2.03999996185303 1.44000005722046 1 1 1.3400000333786 2 2.25999999046326 3.22000002861023 4.21999979019165 5.21999979019165 6.25 7.78000020980835 10.1599998474121 13.25 16.6399993896484 18.25 18.3500003814697 22.5100002288818 26.3199996948242 26.2800006866455 28.2600002288818 29.8500003814697 33.1599998474121 35.7799987792969 37.0299987792969 38.1300010681152 39.1300010681152 39.4799995422363 38.6100006103516 36.5099983215332 33 29.0400009155273 27.6700000762939 28.3600006103516 29.4400005340576 30.0625 31 -3.4e+38 -3.4e+38 -3.4e+38 -3.4e+38 -3.4e+38 -3.4e+38 -3.4e+38 -3.4e+38 -3.4e+38 -3.4e+38 -3.4e+38 -3.4e+38 -3.4e+38 -3.4e+38 -3.4e+38 -3.4e+38 -3.4e+38 -3.4e+38 -3.4e+38
3.1800000667572 3.02999997138977 1.67999994754791 1 1 1 1.55999994277954 2.40000009536743 3.4300000667572 4.48999977111816 5.48999977111816 6.76000022888184 8.65999984741211 10.7399997711182 12.3699998855591 14.5200004577637 17.8400001525879 20.7800006866455 24.8400001525879 25.1599998474121 24.2999992370605 29.1399993896484 30.4799995422363 33.2799987792969 37.1199989318848 39.4500007629395 41.310001373291 42.8400001525879 43.1399993896484 42.1699981689453 39.9300003051758 35.3400001525879 30.4699993133545 28.5699996948242 29.7600002288818 30.640625 30 -3.4e+38 -3.4e+38 -3.4e+38 -3.4e+38 -3.4e+38 -3.4e+38 -3.4e+38 -3.4e+38 -3.4e+38 -3.4e+38 -3.4e+38 -3.4e+38 -3.4e+38 -3.4e+38 -3.4e+38 -3.4e+38 -3.4e+38 -3.4e+38 -3.4e+38 -3.4e+38
3.40000009536743 3.91000008583069 2.5699999332428 1.32000005245209 1.89999997615814 1.5 1.46000003814697 2.40000009536743 3.74000000953674 5.21000003814697 6.15999984741211 7.28999996185303 8.90999984741211 11.1999998092651 13.5500001907349 15.5100002288818 17.1399993896484 19.0100002288818 25.4400005340576 31.3199996948242 32.2799987792969 31.8600006103516 30.2800006866455 34.0900001525879 38.060001373291 40.5400009155273 42.8699989318848 45.0699996948242 45.5800018310547 44.7900009155273 42.1300010681152 38.0800018310547 34.2700004577637 32.0499992370605 31.6800003051758 31.8999996185303 -3.4e+38 -3.4e+38 -3.4e+38 -3.4e+38 -3.4e+38 -3.4e+38 -3.4e+38 -3.4e+38 -3.4e+38 -3.4e+38 -3.4e+38 -3.4e+38 -3.4e+38 -3.4e+38 -3.4e+38 -3.4e+38 -3.4e+38 -3.4e+38 -3.4e+38 -3.4e+38 -3.4e+38
3.33999991416931 3.66000008583069 2.54999995231628 1.99000000953674 2 2 1.98000001907349 2.4300000667572 3.85999989509583 5.32000017166138 6 6.84999990463257 9.09000015258789 11.9899997711182 14.5399999618530 16.8899993896484 17.75 17.5499992370605 25.7800006866455 37.1500015258789 38.2900009155273 35.6300010681152 35.1800003051758 37.2599983215332 39.0999984741211 40.4500007629395 42.4900016784668 45.8400001525879 46.5200004577637 45.6199989318848 43.6300010681152 40.5999984741211 37.5800018310547 34.939998626709 33.0499992370605 32 -3.4e+38 -3.4e+38 -3.4e+38 -3.4e+38 -3.4e+38 -3.4e+38 -3.4e+38 -3.4e+38 -3.4e+38 -3.4e+38 -3.4e+38 -3.4e+38 -3.4e+38 -3.4e+38 -3.4e+38 -3.4e+38 -3.4e+38 -3.4e+38 -3.4e+38 -3.4e+38 -3.4e+38
3 2.73000001907349 2.01999998092651 1.79999995231628 1.62000000476837 2 2 2.70000004768372 3.98000001907349 4.63999986648560 5.09999990463257 6.09000015258789 8.76000022888184 11.9300003051758 14.0200004577637 16.3400001525879 18.5499992370605 21.0900001525879 26.9599990844727 32.560001373291 34.4300003051758 37.4099998474121 41.0999984741211 42.7700004577637 43.4199981689453 43.8600006103516 45.3300018310547 47.189998626709 47.5299987792969 46.5999984741211 45.1500015258789 43.2400016784668 40.9000015258789 37.4900016784668 34.1500015258789 32 -3.4e+38 -3.4e+38 -3.4e+38 -3.4e+38 -3.4e+38 -3.4e+38 -3.4e+38 -3.4e+38 -3.4e+38 -3.4e+38 -3.4e+38 -3.4e+38 -3.4e+38 -3.4e+38 -3.4e+38 -3.4e+38 -3.4e+38 -3.4e+38 -3.4e+38 -3.4e+38 -3.4e+38
2.6800000667572 2.01999998092651 2 2 1.98000001907349 2 2.31999993324280 2.99000000953674 3.88000011444092 4.96999979019165 5.34999990463257 7.01000022888184 9.64999961853027 11.9399995803833 13.9200000762939 15.9300003051758 18.6299991607666 22.4799995422363 26.4300003051758 29.6299991607666 33.4799995422363 39.7999992370605 45.9000015258789 48.2299995422363 47.6199989318848 47.0299987792969 47.6300010681152 48.310001373291 48.7700004577637 48.5900001525879 47.3699989318848 44.9900016784668 43.0900001525879 39.0900001525879 33.7900009155273 31.9333324432373 -3.4e+38 -3.4e+38 -3.4e+38 -3.4e+38 -3.4e+38 -3.4e+38 -3.4e+38 -3.4e+38 -3.4e+38 -3.4e+38 -3.4e+38 -3.4e+38 -3.4e+38 -3.4e+38 -3.4e+38 -3.4e+38 -3.4e+38 -3.4e+38 -3.4e+38 -3.4e+38 -3.4e+38
