pkg/rmaxent/inst/layers/pre6190_l4.asc
NCOLS 122 
NROWS 160 
XLLCORNER -94.8 
YLLCORNER -56.45 
CELLSIZE 0.5 
NODATA_value -3.4e+38 
[rows 96 to 119 of 160, columns 55 to 109 of 122]
0.259999990463257 1.32000005245209 3.48000001907349 7.82000017166138 11.8699998855591 14.1300001144409 16.8700008392334 18.6499996185303 19.5 20.1800003051758 21.5300006866455 23.6599998474121 26.6100006103516 29.6800003051758 32.439998626709 34.7599983215332 36.7200012207031 39.3800010681152 44.0999984741211 47.75 48.8300018310547 49.4599990844727 50.9199981689453 51.1199989318848 49.4799995422363 47.0900001525879 45 42.9300003051758 40.4500007629395 37.9700012207031 36.5400009155273 36.0299987792969 35.5299987792969 34.7000007629395 33.5200004577637 31.8500003814697 31.6800003051758 34.8199996948242 40.689998626709 49.3600006103516 57.828125 77 88.8333358764648 -3.4e+38 -3.4e+38 -3.4e+38 -3.4e+38 -3.4e+38 -3.4e+38 -3.4e+38 -3.4e+38 -3.4e+38 -3.4e+38 -3.4e+38 -3.4e+38
0.400000005960464 2.39000010490417 5.46000003814697 7.90999984741211 10.4700002670288 12.6199998855591 14.2799997329712 16.1599998474121 17.6299991607666 19.3299999237061 22.0300006866455 25.0599994659424 28.4699993133545 32.3199996948242 35.1399993896484 36.7999992370605 38.7700004577637 41.1699981689453 45.7200012207031 50.9900016784668 52.5099983215332 52.2099990844727 53.8400001525879 54.1399993896484 52.6699981689453 49.8800010681152 47.0200004577637 45.0499992370605 42.9300003051758 40.8199996948242 38.8600006103516 37.0099983215332 35.5699996948242 34.2700004577637 32.7099990844727 31.6399993896484 33 39.1599998474121 48.2700004577637 55.390625 60 -3.4e+38 -3.4e+38 -3.4e+38 -3.4e+38 -3.4e+38 -3.4e+38 -3.4e+38 -3.4e+38 -3.4e+38 -3.4e+38 -3.4e+38 -3.4e+38 -3.4e+38 -3.4e+38
0.550000011920929 2.60999989509583 6.13000011444092 8.75 10.7700004577637 12.4899997711182 13.5299997329712 14.5900001525879 16.0100002288818 17.9899997711182 21.1900005340576 25.5599994659424 29.9500007629395 34.4599990844727 37.9900016784668 40.7400016784668 43.25 45.310001373291 48.2900009155273 52.7700004577637 54.1800003051758 52.6199989318848 54.2200012207031 55.4099998474121 54.0699996948242 51.6300010681152 49.310001373291 47.4300003051758 45.0200004577637 43.0499992370605 40.6699981689453 37.8499984741211 35.3600006103516 33.0099983215332 30.5300006866455 29.7800006866455 33.3499984741211 44.4199981689453 54.859375 57 -3.4e+38 -3.4e+38 -3.4e+38 -3.4e+38 -3.4e+38 -3.4e+38 -3.4e+38 -3.4e+38 -3.4e+38 -3.4e+38 -3.4e+38 -3.4e+38 -3.4e+38 -3.4e+38 -3.4e+38
1.72000002861023 2.92000007629395 6.55999994277954 10.2399997711182 11.9600000381470 13.3800001144409 13.9799995422363 14 15.0299997329712 17.3299999237061 20.8299999237061 26 32.2200012207031 37.2900009155273 41.2299995422363 44.7299995422363 47.6699981689453 49.5 50.6800003051758 53.3800010681152 54.9500007629395 54.1100006103516 54.7900009155273 55.560001373291 54.3600006103516 52.9000015258789 50.9700012207031 49.0699996948242 47.3400001525879 45.5200004577637 42.6199989318848 39.2000007629395 35.7900009155273 32.5099983215332 29.2199993133545 29.3500003814697 34.8699989318848 40.796875 56.8333320617676 -3.4e+38 -3.4e+38 -3.4e+38 -3.4e+38 -3.4e+38 -3.4e+38 -3.4e+38 -3.4e+38 -3.4e+38 -3.4e+38 -3.4e+38 -3.4e+38 -3.4e+38 -3.4e+38 -3.4e+38 -3.4e+38
2.00999999046326 4.38000011444092 7.96000003814697 12.3299999237061 15.2600002288818 14.7899999618530 13.7399997711182 13.6499996185303 14.9600000381470 17.7399997711182 22.2600002288818 28.4300003051758 34.9599990844727 40.0999984741211 44.1399993896484 47.7799987792969 50.8600006103516 52.9700012207031 53.4500007629395 55.25 59.5699996948242 62.1300010681152 59.9099998474121 55.0200004577637 52.9799995422363 52.7700004577637 51.560001373291 50.3199996948242 49.1800003051758 47.810001373291 44.5999984741211 40.3199996948242 36.7900009155273 33.4199981689453 30.8400001525879 31.7299995422363 35.0699996948242 37.2666664123535 -3.4e+38 -3.4e+38 -3.4e+38 -3.4e+38 -3.4e+38 -3.4e+38 -3.4e+38 -3.4e+38 -3.4e+38 -3.4e+38 -3.4e+38 -3.4e+38 -3.4e+38 -3.4e+38 -3.4e+38 -3.4e+38 -3.4e+38
3.76999998092651 5.82999992370605 9.48999977111816 15.3599996566772 16.8700008392334 14.8400001525879 13.4300003051758 14.25 16.0499992370605 19.3199996948242 24.1100006103516 30.3799991607666 36.25 40.8899993896484 45.3400001525879 49.2799987792969 53 55.0099983215332 54.9599990844727 56.9599990844727 62.6399993896484 66.1600036621094 61.0299987792969 54.4900016784668 53.9700012207031 53.5499992370605 52.1199989318848 50.3400001525879 49.0099983215332 48.0999984741211 45.2200012207031 41.5299987792969 38.439998626709 35.4099998474121 33.1699981689453 32.8800010681152 33.5800018310547 34.3833351135254 -3.4e+38 -3.4e+38 -3.4e+38 -3.4e+38 -3.4e+38 -3.4e+38 -3.4e+38 -3.4e+38 -3.4e+38 -3.4e+38 -3.4e+38 -3.4e+38 -3.4e+38 -3.4e+38 -3.4e+38 -3.4e+38 -3.4e+38
4.23999977111816 6.88000011444092 10.5799999237061 15.1000003814697 16.1200008392334 14.3100004196167 13.4899997711182 14.7799997329712 17.0699996948242 20.4699993133545 24.9400005340576 30.1299991607666 35.2099990844727 40.1100006103516 44.7000007629395 48.6300010681152 51.9000015258789 53.9900016784668 55.7999992370605 58.6500015258789 62.1300010681152 63 59.2299995422363 56.8899993896484 56.6699981689453 54.9599990844727 52.7000007629395 50.2000007629395 48.1800003051758 46.2900009155273 44.1500015258789 41.689998626709 38.8400001525879 36.189998626709 34.1599998474121 32.8300018310547 32.2799987792969 32.3333320617676 -3.4e+38 -3.4e+38 -3.4e+38 -3.4e+38 -3.4e+38 -3.4e+38 -3.4e+38 -3.4e+38 -3.4e+38 -3.4e+38 -3.4e+38 -3.4e+38 -3.4e+38 -3.4e+38 -3.4e+38 -3.4e+38 -3.4e+38
4.61000013351440 6.44999980926514 8.92000007629395 12.1599998474121 13.7200002670288 14.0100002288818 14.3299999237061 15.7899999618530 17.8500003814697 21.0400009155273 25.4799995422363 29.6700000762939 34.0800018310547 39.0299987792969 43.6699981689453 47.0499992370605 49.560001373291 52 54.4099998474121 57.4500007629395 59.7299995422363 59.9500007629395 58.560001373291 57.9900016784668 57.5 55.6300010681152 52.6699981689453 49.4300003051758 46.1599998474121 43.3800010681152 41.560001373291 40.8600006103516 39.189998626709 37.0999984741211 35.0699996948242 33.4900016784668 33.5200004577637 34.2333335876465 -3.4e+38 -3.4e+38 -3.4e+38 -3.4e+38 -3.4e+38 -3.4e+38 -3.4e+38 -3.4e+38 -3.4e+38 -3.4e+38 -3.4e+38 -3.4e+38 -3.4e+38 -3.4e+38 -3.4e+38 -3.4e+38 -3.4e+38
4.01999998092651 5.6100001335144 7.17999982833862 9.36999988555908 11.6099996566772 13.8699998855591 15.6400003433228 17.5400009155273 19.6000003814697 22.1200008392334 25.6299991607666 29.25 32.75 37.1699981689453 42.4199981689453 46.2799987792969 47.810001373291 49.9500007629395 52.6800003051758 55.8300018310547 57.6300010681152 58.2700004577637 58.0200004577637 57.9500007629395 57.1100006103516 54.7400016784668 51.4099998474121 47.9500007629395 44.8300018310547 42.1500015258789 40.9000015258789 40.9300003051758 39.9300003051758 37.9199981689453 35.5699996948242 34 36.8800010681152 41.533332824707 -3.4e+38 -3.4e+38 -3.4e+38 -3.4e+38 -3.4e+38 -3.4e+38 -3.4e+38 -3.4e+38 -3.4e+38 -3.4e+38 -3.4e+38 -3.4e+38 -3.4e+38 -3.4e+38 -3.4e+38 -3.4e+38 -3.4e+38
3.90000009536743 5.6399998664856 7.28000020980835 8.89999961853027 11.1599998474121 14.0500001907349 16.6399993896484 19.0900001525879 21.5 23.5499992370605 26.0499992370605 28.8099994659424 31.3700008392334 34.810001373291 39.8400001525879 43.8600006103516 45.0099983215332 47.4300003051758 50.4099998474121 53.5 55.8600006103516 56.810001373291 57 56.7700004577637 55.0299987792969 52.1399993896484 49.060001373291 45.9199981689453 42.9199981689453 40.3199996948242 39.1399993896484 39.2999992370605 38.8800010681152 36.7000007629395 34.3400001525879 33.171875 37.5999984741211 43 -3.4e+38 -3.4e+38 -3.4e+38 -3.4e+38 -3.4e+38 -3.4e+38 -3.4e+38 -3.4e+38 -3.4e+38 -3.4e+38 -3.4e+38 -3.4e+38 -3.4e+38 -3.4e+38 -3.4e+38 -3.4e+38 -3.4e+38
3.92000007629395 5.46999979019165 6.96000003814697 8.89999961853027 10.9300003051758 13.3400001525879 16.9500007629395 20.5400009155273 22.3400001525879 23.9200000762939 25.9300003051758 28.0200004577637 29.9799995422363 32.1800003051758 35 38.0999984741211 41.0800018310547 44.5299987792969 47.8499984741211 51.2200012207031 53.0800018310547 53.5200004577637 55.0099983215332 55.4599990844727 52.5 49.4099998474121 46.560001373291 43.1199989318848 40.1399993896484 37.5800018310547 36.0099983215332 34.9000015258789 33.8800010681152 33.1800003051758 32.546875 33 -3.4e+38 -3.4e+38 -3.4e+38 -3.4e+38 -3.4e+38 -3.4e+38 -3.4e+38 -3.4e+38 -3.4e+38 -3.4e+38 -3.4e+38 -3.4e+38 -3.4e+38 -3.4e+38 -3.4e+38 -3.4e+38 -3.4e+38 -3.4e+38 -3.4e+38
4.23000001907349 5.36999988555908 6.90000009536743 8.89999961853027 10.8000001907349 12.8100004196167 16.4099998474121 20.7600002288818 22.7399997711182 24.3099994659424 25.8999996185303 27.7999992370605 29.3899993896484 30.5699996948242 31.8099994659424 33.8600006103516 37.5699996948242 42.0099983215332 45.2000007629395 47.4500007629395 48.2799987792969 47.75 49 50.189998626709 48.5499992370605 46.0400009155273 43.1199989318848 40.0699996948242 37.4300003051758 35.3199996948242 33.4300003051758 31.7099990844727 30.5499992370605 30.8799991607666 31.3500003814697 -3.4e+38 -3.4e+38 -3.4e+38 -3.4e+38 -3.4e+38 -3.4e+38 -3.4e+38 -3.4e+38 -3.4e+38 -3.4e+38 -3.4e+38 -3.4e+38 -3.4e+38 -3.4e+38 -3.4e+38 -3.4e+38 -3.4e+38 -3.4e+38 -3.4e+38 -3.4e+38
3.57999992370605 4.96999979019165 6.90999984741211 8.85999965667725 10.4399995803833 12.0399999618530 15.3699998855591 19.8199996948242 22.7700004577637 24.3700008392334 25.8999996185303 27.4699993133545 28.6100006103516 29.6800003051758 30.6800003051758 32.4300003051758 36.1699981689453 40.7000007629395 43.8899993896484 45.1699981689453 44.2999992370605 42.7900009155273 43.2200012207031 44.2299995422363 43.7000007629395 41.3899993896484 38.7900009155273 36.5999984741211 34.5400009155273 32.5999984741211 30.9799995422363 30.7099990844727 30.6599998474121 31.4300003051758 34.3333320617676 -3.4e+38 -3.4e+38 -3.4e+38 -3.4e+38 -3.4e+38 -3.4e+38 -3.4e+38 -3.4e+38 -3.4e+38 -3.4e+38 -3.4e+38 -3.4e+38 -3.4e+38 -3.4e+38 -3.4e+38 -3.4e+38 -3.4e+38 -3.4e+38 -3.4e+38 -3.4e+38
3.49000000953674 4.94000005722046 7.15999984741211 8.97999954223633 9.97999954223633 12.4499998092651 16.3099994659424 19.6800003051758 21.8999996185303 23.8400001525879 25.7800006866455 27.3700008392334 28.7399997711182 30.2399997711182 31.2800006866455 32.6399993896484 35.5999984741211 39.5800018310547 42.7200012207031 43.25 41.7999992370605 40.3300018310547 39.7999992370605 40 38.8300018310547 37.0699996948242 35.439998626709 33.4700012207031 31.8700008392334 30.7399997711182 29.8999996185303 29.3600006103516 30.7299995422363 33.296875 35 -3.4e+38 -3.4e+38 -3.4e+38 -3.4e+38 -3.4e+38 -3.4e+38 -3.4e+38 -3.4e+38 -3.4e+38 -3.4e+38 -3.4e+38 -3.4e+38 -3.4e+38 -3.4e+38 -3.4e+38 -3.4e+38 -3.4e+38 -3.4e+38 -3.4e+38 -3.4e+38
4.32000017166138 5.78999996185303 7.82999992370605 9.35000038146973 10.4099998474121 12.6300001144409 16.2900009155273 19.0200004577637 21.0200004577637 22.9200000762939 24.8999996185303 26.8400001525879 28.7800006866455 30.5900001525879 31.8899993896484 32.3899993896484 34.3699989318848 37.439998626709 39.7799987792969 40.3499984741211 39.4300003051758 37.9000015258789 37.2299995422363 36.5800018310547 35.0699996948242 33.5200004577637 31.7000007629395 30.0699996948242 29.3500003814697 28.8099994659424 29.8799991607666 32.5400009155273 33.125 34 -3.4e+38 -3.4e+38 -3.4e+38 -3.4e+38 -3.4e+38 -3.4e+38 -3.4e+38 -3.4e+38 -3.4e+38 -3.4e+38 -3.4e+38 -3.4e+38 -3.4e+38 -3.4e+38 -3.4e+38 -3.4e+38 -3.4e+38 -3.4e+38 -3.4e+38 -3.4e+38 -3.4e+38
5.67000007629395 7.57999992370605 9.1899995803833 10.3000001907349 11.3100004196167 13.1800003051758 16.2399997711182 18.8999996185303 20.8999996185303 22.4099998474121 23.8999996185303 25.8999996185303 27.8700008392334 29.5200004577637 30.5900001525879 31.5100002288818 32.9099998474121 34.9900016784668 36.7200012207031 37.2999992370605 36.8600006103516 35.7999992370605 34.8800010681152 33.8600006103516 32.3899993896484 30.2099990844727 28.1200008392334 27.4500007629395 27.4099998474121 27.3199996948242 27.59375 33.4000015258789 34 -3.4e+38 -3.4e+38 -3.4e+38 -3.4e+38 -3.4e+38 -3.4e+38 -3.4e+38 -3.4e+38 -3.4e+38 -3.4e+38 -3.4e+38 -3.4e+38 -3.4e+38 -3.4e+38 -3.4e+38 -3.4e+38 -3.4e+38 -3.4e+38 -3.4e+38 -3.4e+38 -3.4e+38 -3.4e+38
7.05000019073486 9.19999980926514 10.3699998855591 11.3699998855591 12.3199996948242 14.1499996185303 16.7399997711182 18.9400005340576 20.9200000762939 22 23.0499992370605 25.0200004577637 26.6499996185303 28.0100002288818 29.4500007629395 30.5100002288818 31.2399997711182 32.1699981689453 33.75 34.3899993896484 34.3400001525879 33.7999992370605 32.810001373291 31.5499992370605 29.6599998474121 27.6100006103516 26.2800006866455 26.1000003814697 27.0699996948242 28.484375 27 -3.4e+38 -3.4e+38 -3.4e+38 -3.4e+38 -3.4e+38 -3.4e+38 -3.4e+38 -3.4e+38 -3.4e+38 -3.4e+38 -3.4e+38 -3.4e+38 -3.4e+38 -3.4e+38 -3.4e+38 -3.4e+38 -3.4e+38 -3.4e+38 -3.4e+38 -3.4e+38 -3.4e+38 -3.4e+38 -3.4e+38 -3.4e+38
8.06999969482422 10.6000003814697 12.0399999618530 12.7200002670288 13.6499996185303 15.3000001907349 17.25 19.7000007629395 21.3999996185303 22.3500003814697 23.4099998474121 24.8600006103516 26.2800006866455 27.0100002288818 28.0100002288818 29.5 29.8199996948242 29.8899993896484 31.2099990844727 32.3899993896484 32.4000015258789 31.8799991607666 31.2299995422363 30.2299995422363 28.2999992370605 26.6299991607666 25.7399997711182 25.1000003814697 25.9699993133545 27.2666664123535 -3.4e+38 -3.4e+38 -3.4e+38 -3.4e+38 -3.4e+38 -3.4e+38 -3.4e+38 -3.4e+38 -3.4e+38 -3.4e+38 -3.4e+38 -3.4e+38 -3.4e+38 -3.4e+38 -3.4e+38 -3.4e+38 -3.4e+38 -3.4e+38 -3.4e+38 -3.4e+38 -3.4e+38 -3.4e+38 -3.4e+38 -3.4e+38 -3.4e+38
8.72999954223633 10.8999996185303 12.3999996185303 13.2600002288818 14.6700000762939 16.5 18.4599990844727 20.6700000762939 22.2700004577637 23.2199993133545 24.2199993133545 24.9899997711182 25.2199993133545 25.7600002288818 27.0499992370605 28.6100006103516 29.4799995422363 29.9799995422363 30.4699993133545 31.0400009155273 31.0300006866455 30.7299995422363 29.8199996948242 28.8700008392334 27.3199996948242 26.0100002288818 25.4500007629395 24.7399997711182 24.34375 27 -3.4e+38 -3.4e+38 -3.4e+38 -3.4e+38 -3.4e+38 -3.4e+38 -3.4e+38 -3.4e+38 -3.4e+38 -3.4e+38 -3.4e+38 -3.4e+38 -3.4e+38 -3.4e+38 -3.4e+38 -3.4e+38 -3.4e+38 -3.4e+38 -3.4e+38 -3.4e+38 -3.4e+38 -3.4e+38 -3.4e+38 -3.4e+38 -3.4e+38
8.92000007629395 10.8000001907349 12.3199996948242 13.3699998855591 14.8000001907349 16.4400005340576 18.2600002288818 21.0200004577637 22.8899993896484 23.3700008392334 24.4300003051758 25.3600006103516 26.0900001525879 26.4099998474121 27.4799995422363 28.8099994659424 29.9699993133545 30.1299991607666 30.3899993896484 29.6800003051758 29.6200008392334 30.0200004577637 29.5200004577637 28.2399997711182 26.6900005340576 25.4500007629395 24.3299999237061 24.09375 24 -3.4e+38 -3.4e+38 -3.4e+38 -3.4e+38 -3.4e+38 -3.4e+38 -3.4e+38 -3.4e+38 -3.4e+38 -3.4e+38 -3.4e+38 -3.4e+38 -3.4e+38 -3.4e+38 -3.4e+38 -3.4e+38 -3.4e+38 -3.4e+38 -3.4e+38 -3.4e+38 -3.4e+38 -3.4e+38 -3.4e+38 -3.4e+38 -3.4e+38 -3.4e+38
9.31999969482422 10.4700002670288 11.5799999237061 12.9799995422363 14.5600004196167 16 17.9500007629395 19.9799995422363 21.5900001525879 22.8799991607666 24.75 26.6599998474121 28.1200008392334 28.75 29.2000007629395 29.8400001525879 29.7399997711182 28.8600006103516 28.3400001525879 28.5200004577637 28.9500007629395 29.1000003814697 28.7900009155273 27.6800003051758 26.5699996948242 25.9099998474121 25.578125 24 -3.4e+38 -3.4e+38 -3.4e+38 -3.4e+38 -3.4e+38 -3.4e+38 -3.4e+38 -3.4e+38 -3.4e+38 -3.4e+38 -3.4e+38 -3.4e+38 -3.4e+38 -3.4e+38 -3.4e+38 -3.4e+38 -3.4e+38 -3.4e+38 -3.4e+38 -3.4e+38 -3.4e+38 -3.4e+38 -3.4e+38 -3.4e+38 -3.4e+38 -3.4e+38 -3.4e+38
9.39999961853027 10.3999996185303 11.4300003051758 13.1599998474121 15.2399997711182 16.6900005340576 18.3400001525879 19.4699993133545 20.5 22.2399997711182 25.0900001525879 27.9599990844727 30.0400009155273 30.6900005340576 30.7299995422363 30.3799991607666 29.5699996948242 27.9200000762939 26.3999996185303 26.7099990844727 27.5 29 28.6000003814697 27.1304340362549 26.2999992370605 25.171875 26 -3.4e+38 -3.4e+38 -3.4e+38 -3.4e+38 -3.4e+38 -3.4e+38 -3.4e+38 -3.4e+38 -3.4e+38 -3.4e+38 -3.4e+38 -3.4e+38 -3.4e+38 -3.4e+38 -3.4e+38 -3.4e+38 -3.4e+38 -3.4e+38 -3.4e+38 -3.4e+38 -3.4e+38 -3.4e+38 -3.4e+38 -3.4e+38 -3.4e+38 -3.4e+38 -3.4e+38 -3.4e+38
9.39999961853027 10.3999996185303 11.75 13.7700004577637 15.7600002288818 17.3099994659424 18.6200008392334 19.4099998474121 19.5100002288818 21.3199996948242 24.5799999237061 28.0400009155273 30.2399997711182 30.9200000762939 30.6599998474121 29.9699993133545 29.1599998474121 27.2299995422363 25.9500007629395 25.9300003051758 26.0833339691162 -3.4e+38 -3.4e+38 27 26.2000007629395 25 -3.4e+38 -3.4e+38 -3.4e+38 -3.4e+38 -3.4e+38 -3.4e+38 -3.4e+38 -3.4e+38 -3.4e+38 -3.4e+38 -3.4e+38 -3.4e+38 -3.4e+38 -3.4e+38 -3.4e+38 -3.4e+38 -3.4e+38 -3.4e+38 -3.4e+38 -3.4e+38 -3.4e+38 -3.4e+38 -3.4e+38 -3.4e+38 -3.4e+38 -3.4e+38 -3.4e+38 -3.4e+38 -3.4e+38
9.31999969482422 10.3699998855591 12.0399999618530 14.4600000381470 16.1499996185303 17.2700004577637 18.0900001525879 18.2700004577637 18.5900001525879 20.3500003814697 23.3999996185303 26.4599990844727 28.5799999237061 29.4400005340576 29.6000003814697 28.6599998474121 27.7399997711182 26.2700004577637 24.8299999237061 24.6200008392334 24.6354160308838 24 -3.4e+38 -3.4e+38 -3.4e+38 -3.4e+38 -3.4e+38 -3.4e+38 -3.4e+38 -3.4e+38 -3.4e+38 -3.4e+38 -3.4e+38 -3.4e+38 -3.4e+38 -3.4e+38 -3.4e+38 -3.4e+38 -3.4e+38 -3.4e+38 -3.4e+38 -3.4e+38 -3.4e+38 -3.4e+38 -3.4e+38 -3.4e+38 -3.4e+38 -3.4e+38 -3.4e+38 -3.4e+38 -3.4e+38 -3.4e+38 -3.4e+38 -3.4e+38 -3.4e+38
