pkg/rmaxent/inst/layers/pre6190_ann.asc
NCOLS 122 
NROWS 160 
XLLCORNER -94.8 
YLLCORNER -56.45 
CELLSIZE 0.5 
NODATA_value -3.4e+38 
[rows 72 to 95 of 160, columns 54 to 107 of 122]
50.1500015258789 48.0999984741211 46.1599998474121 44.560001373291 43.1199989318848 41.3400001525879 39.7799987792969 39.0999984741211 39.2299995422363 39.9799995422363 41.4300003051758 42.439998626709 43.1500015258789 44.0499992370605 45.6599998474121 46.7099990844727 47.9799995422363 49.9199981689453 51.5800018310547 53.1100006103516 54.7200012207031 56.0900001525879 57.2000007629395 56.8699989318848 55.8199996948242 55.0800018310547 54.6300010681152 54.1800003051758 53.6500015258789 52.7299995422363 52.0999984741211 51.7299995422363 51.0200004577637 50.6800003051758 49.7999992370605 48.7999992370605 47.4099998474121 45.7799987792969 43.9700012207031 41.0800018310547 40.0900001525879 41.8600006103516 42.5299987792969 40.3699989318848 36.4000015258789 32.7700004577637 29.4099998474121 26.2700004577637 23.7600002288818 21.4699993133545 20.2999992370605 18.6100006103516 20.2900009155273 23.2600002288818
51.689998626709 49.1500015258789 47.0999984741211 45.189998626709 43.4199981689453 41.4199981689453 39.4599990844727 38.1599998474121 38.0999984741211 38.5999984741211 39.6399993896484 40.5999984741211 41.5099983215332 42.5 43.5999984741211 44.5800018310547 45.5900001525879 47.1100006103516 48.7200012207031 50.0900001525879 51.6399993896484 52.7099990844727 53.4000015258789 53.3600006103516 52.8699989318848 52.2999992370605 52.3300018310547 52.2999992370605 52.1800003051758 51.6500015258789 51.0999984741211 50.7400016784668 50.0999984741211 50.0200004577637 49.5400009155273 48.5999984741211 47.2999992370605 45.3600006103516 43.7099990844727 42.0400009155273 41.1699981689453 41.9799995422363 41.7599983215332 39.8300018310547 36.3199996948242 32.4099998474121 28.8899993896484 25.8099994659424 23.25 21.6599998474121 21 20.5499992370605 21.0799999237061 21.7199993133545
53.3300018310547 50.5099983215332 48.0800018310547 46.439998626709 44.9799995422363 43.0800018310547 41.0499992370605 39.1199989318848 38.0499992370605 38 38.2299995422363 38.6399993896484 39.5999984741211 40.5999984741211 41.5999984741211 42.3300018310547 42.8400001525879 44.1599998474121 45.7200012207031 46.7999992370605 47.8899993896484 48.8899993896484 49.5 49.5 49.4599990844727 49.6399993896484 50.189998626709 50.2000007629395 50.2000007629395 50.1699981689453 50.0299987792969 50.0200004577637 50 49.6800003051758 49.0200004577637 48.5999984741211 47.2999992370605 45.5900001525879 44.4500007629395 43.0699996948242 41.9900016784668 42 41.3400001525879 38.9799995422363 35.5699996948242 31.9200000762939 28.3999996185303 24.9200000762939 22.6200008392334 21.9500007629395 21.0599994659424 20.0900001525879 20.1299991607666 19.2900009155273
52.5900001525879 50.689998626709 48.5900001525879 47.5499992370605 46.9099998474121 45.9599990844727 43.6699981689453 41.0200004577637 39.0099983215332 37.7099990844727 37.0499992370605 37.1599998474121 37.6399993896484 38.5999984741211 39.5800018310547 40.4700012207031 41.1199989318848 41.6699981689453 42.7999992370605 43.7999992370605 44.7799987792969 45.689998626709 46.2000007629395 46.2200012207031 46.2999992370605 46.7299995422363 47.2999992370605 47.4199981689453 47.75 48.310001373291 48.6100006103516 49.0999984741211 49.0999984741211 49.0200004577637 49 48.5999984741211 47.3199996948242 46 45.1100006103516 43.5299987792969 42.4500007629395 42 41.1800003051758 38.7299995422363 35.3699989318848 31.7700004577637 28.0200004577637 23.9899997711182 21.8099994659424 20.8199996948242 20.1599998474121 19.4500007629395 18.6000003814697 19.0300006866455
50 49.5400009155273 49.0200004577637 48.9799995422363 49.2599983215332 49.5200004577637 47.439998626709 43.1699981689453 39.7099990844727 37.2000007629395 35.6699981689453 35.5299987792969 36.1500015258789 36.689998626709 37.4099998474121 38.1599998474121 39.310001373291 39.6500015258789 40.5999984741211 41.5800018310547 42.2099990844727 42.4199981689453 42.439998626709 42.7099990844727 43.2200012207031 43.7599983215332 44.7099990844727 45.5099983215332 46.1500015258789 46.5499992370605 47.439998626709 48.0200004577637 48.4900016784668 49 49 48.5400009155273 47.5900001525879 46.4799995422363 45.3199996948242 43.5999984741211 42.5299987792969 41.6699981689453 40.2900009155273 37.9099998474121 34.8699989318848 31.4599990844727 27.6200008392334 23.9599990844727 21.7600002288818 20.7600002288818 20.2000007629395 19.9899997711182 19.75 20.6100006103516
44.6599998474121 46.2900009155273 49.4500007629395 51.4900016784668 52.689998626709 52.5 50.189998626709 45.3400001525879 39.9900016784668 35.9199981689453 33.810001373291 33.6500015258789 34.5099983215332 35.439998626709 36.0200004577637 36.5900001525879 37.5499992370605 38.1500015258789 38.6399993896484 39.3300018310547 39.4500007629395 39.310001373291 39.0200004577637 39 39.9000015258789 41.1599998474121 42.5999984741211 43.5999984741211 44.5099983215332 45.1500015258789 45.689998626709 46.5999984741211 47.5299987792969 48.4900016784668 48.6800003051758 48.0200004577637 48 47.1100006103516 45.5 43.7400016784668 41.810001373291 40.7700004577637 39.310001373291 37.0200004577637 34.3600006103516 31.75 28.6100006103516 25.5400009155273 23.3700008392334 22.3299999237061 21.7000007629395 21.3899993896484 21.2399997711182 22.4799995422363
38.810001373291 41.6300010681152 47.189998626709 53.8800010681152 56.8600006103516 56.7299995422363 53.310001373291 47.0699996948242 40.2299995422363 34.6100006103516 32.1699981689453 32.0800018310547 32.689998626709 33.689998626709 34.5999984741211 35.5299987792969 36.2299995422363 36.5999984741211 37.2299995422363 37.5499992370605 37.6599998474121 36.9799995422363 36.7299995422363 37.2299995422363 38.0900001525879 39.6199989318848 40.7599983215332 41.7599983215332 42.7599983215332 43.6699981689453 44.5999984741211 45.5999984741211 46.5999984741211 47.5999984741211 48.0200004577637 48 47.9500007629395 47.1199989318848 45.2200012207031 43.25 41.5699996948242 40.2400016784668 38.689998626709 37.1500015258789 34.7400016784668 32.189998626709 29.7299995422363 27.1200008392334 25.0699996948242 23.5599994659424 22.5300006866455 22 21.9799995422363 22.9599990844727
28.7999992370605 35.5800018310547 41.689998626709 51.5999984741211 59.9099998474121 61.2999992370605 56.7299995422363 49.0999984741211 40.7400016784668 34.0299987792969 30.4599990844727 30.1100006103516 31.4400005340576 32.5200004577637 33.5999984741211 34.5400009155273 35.0999984741211 35.5400009155273 36.0999984741211 36.2299995422363 36.2700004577637 36.0200004577637 36 36.7700004577637 37.9799995422363 38.9799995422363 40.4000015258789 41.3400001525879 42.3300018310547 43.3699989318848 44.3400001525879 45.3300018310547 46.3300018310547 47.3300018310547 47.6699981689453 47.0499992370605 46.6300010681152 45.7099990844727 44.2400016784668 42.6199989318848 41.2400016784668 39.75 38.6300010681152 37.3199996948242 35.189998626709 33.0999984741211 31.0400009155273 28.9200000762939 26.9200000762939 24.9899997711182 23.4599990844727 22.8999996185303 22.9500007629395 24.0799999237061
19.6000003814697 24.8999996185303 28.2700004577637 38.9199981689453 56.4000015258789 62.3899993896484 57.939998626709 50.0200004577637 41.2700004577637 33.5200004577637 29.2700004577637 28.6000003814697 29.6900005340576 31.3600006103516 33.3300018310547 34 34.4900016784668 35 35.0999984741211 35.0999984741211 35.0999984741211 35.4900016784668 36 36.4700012207031 37.8600006103516 39.310001373291 40.3400001525879 41 41.5999984741211 42.8699989318848 44 44.5999984741211 45.5999984741211 46.5400009155273 46.7400016784668 45.8199996948242 44.6699981689453 43.4500007629395 42.8400001525879 41.810001373291 40.6800003051758 40 39.1300010681152 37.560001373291 36.0800018310547 34.1300010681152 32.1800003051758 30.1800003051758 28.1800003051758 26.1800003051758 24.2399997711182 23.4200000762939 24.2700004577637 25.2999992370605
13.6599998474121 17.5799999237061 21.0499992370605 21.5799999237061 25.2800006866455 36.1300010681152 46.5499992370605 46.4000015258789 39.7400016784668 31.9500007629395 27.8099994659424 27.4599990844727 28.4699993133545 30.3199996948242 32.5200004577637 33.0999984741211 33.5299987792969 34.0499992370605 34 34 34.0299987792969 34.5299987792969 35.5299987792969 36.4000015258789 37.9000015258789 39.4000015258789 40 40.560001373291 41.4000015258789 42.4700012207031 43.5499992370605 44.4000015258789 45.4000015258789 46 46.0200004577637 45.5299987792969 44.2000007629395 42.7400016784668 42.0200004577637 41.5400009155273 40.5999984741211 40 39.5299987792969 38.1399993896484 36.6199989318848 35.3800010681152 33.9199981689453 32.0200004577637 30.0799999237061 28.0499992370605 26.0200004577637 24.9400005340576 25.3899993896484 26.7099990844727
10.6599998474121 12.5399999618530 16.0200004577637 17.8600006103516 17.1399993896484 20.0499992370605 24.3299999237061 27.2299995422363 30.8700008392334 30.8099994659424 26.2700004577637 25.6200008392334 26.9300003051758 29.1499996185303 31.2900009155273 31.8899993896484 32.439998626709 32.6599998474121 32.4000015258789 32.4000015258789 32.6100006103516 33.5699996948242 34.8699989318848 36.3699989318848 37.9000015258789 39.4000015258789 40 40.4599990844727 41.3400001525879 42.3300018310547 43.3300018310547 44.3300018310547 45.2799987792969 45.8899993896484 45.5900001525879 44.7299995422363 43.6100006103516 42.5400009155273 41.7400016784668 41.0200004577637 40.6599998474121 40 39.5999984741211 38.5299987792969 37.4300003051758 36.1300010681152 34.9099998474121 34.310001373291 32.8899993896484 30.5799999237061 28.3899993896484 27.2900009155273 27.2099990844727 28.1900005340576
8.63000011444092 9.75 12.1700000762939 15.5399999618530 16.6100006103516 16.3400001525879 17.5799999237061 20.5300006866455 24.9099998474121 26.3700008392334 23.7099990844727 23.4500007629395 24.8700008392334 26.6000003814697 28.2099990844727 29.7099990844727 30.6000003814697 31.1599998474121 31 31 31.4799995422363 32.8499984741211 34.439998626709 35.9599990844727 37.9000015258789 39.4000015258789 40.2599983215332 40.9799995422363 41 41.5999984741211 42.5400009155273 43.4799995422363 44.1500015258789 44.3899993896484 44.2799987792969 43.7299995422363 42.7400016784668 42.0200004577637 41.6599998474121 41 41 40.5299987792969 39.689998626709 38.6300010681152 37.5699996948242 36.4700012207031 35.9099998474121 36.189998626709 35.8300018310547 33.5099983215332 30.9400005340576 29.3700008392334 28.7299995422363 29.3099994659424
6.98000001907349 8.43000030517578 9.96000003814697 12.8900003433228 15.75 17.1800003051758 19.4200000762939 22.7099990844727 23.2800006866455 21.5599994659424 19.6499996185303 19.8799991607666 21.3299999237061 23.1499996185303 25.4400005340576 27.5499992370605 28.6000003814697 29.3099994659424 29.3999996185303 29.3999996185303 30.0400009155273 31.9300003051758 33.9599990844727 35.9000015258789 37.9000015258789 39.3400001525879 40.3699989318848 41 41 41.3400001525879 42 42.2299995422363 42.5499992370605 43.0200004577637 43.0499992370605 42.6500015258789 42.0200004577637 42 42 41.9000015258789 41.9000015258789 41.5099983215332 40.4500007629395 39.1100006103516 37.3400001525879 36.0299987792969 36.2299995422363 37.6100006103516 38.2299995422363 36.2900009155273 33.3699989318848 30.9899997711182 29.9099998474121 30.3099994659424
5.59000015258789 6.69000005722046 8.05000019073486 10.4700002670288 14.0900001525879 17.1499996185303 19.5300006866455 23.0599994659424 22.8799991607666 19.1299991607666 17.0100002288818 16.8199996948242 17.7900009155273 19.5900001525879 22.4500007629395 25.0300006866455 26.5499992370605 27.5400009155273 28.1000003814697 28.5900001525879 29.5699996948242 31.4300003051758 33.939998626709 35.939998626709 37.9199981689453 39 39.9300003051758 41 41 41 41.0999984741211 41.0999984741211 41.2299995422363 41.5499992370605 41.6599998474121 41.2799987792969 41.0999984741211 41.4900016784668 42 42.2599983215332 42.9000015258789 42.4199981689453 41.1100006103516 39.2999992370605 37.3199996948242 35.8600006103516 36.0999984741211 38 39 37.2900009155273 34.1500015258789 32.0800018310547 30.9099998474121 31.2800006866455
4.53000020980835 5.53000020980835 6.63000011444092 8.5600004196167 11.6000003814697 14.6300001144409 17.9300003051758 21.5200004577637 21.6499996185303 18.3299999237061 16.2000007629395 14.7600002288818 14.8000001907349 16.2800006866455 19.1499996185303 22.2000007629395 24.1900005340576 26.0100002288818 27.4799995422363 28.6499996185303 30.6100006103516 32.5900001525879 34.6800003051758 36.6599998474121 38.310001373291 39.2599983215332 39.9900016784668 40.4900016784668 40.6800003051758 40.0999984741211 40.0999984741211 40.0499992370605 40 40.1300010681152 40.1699981689453 40.0299987792969 40.0999984741211 40.5299987792969 41.5299987792969 42.4000015258789 43 42.689998626709 41.3400001525879 39.3699989318848 37.689998626709 36.9799995422363 37.5999984741211 39.1599998474121 39.2000007629395 36.9099998474121 34.3400001525879 32.689998626709 31.9899997711182 31.9799995422363
3.59999990463257 4.53999996185303 5.84999990463257 8.10000038146973 10.4499998092651 12.8800001144409 17.0599994659424 20.8299999237061 21.2399997711182 18.3700008392334 15.0200004577637 12.9600000381470 12.8599996566772 14.5299997329712 17.4699993133545 20.4500007629395 22.8999996185303 24.9300003051758 26.6399993896484 28.4400005340576 31.2000007629395 33.7000007629395 35.4000015258789 36.939998626709 38.4599990844727 39.4000015258789 40 40 40.0200004577637 39.7400016784668 39.0800018310547 38.6599998474121 38.3300018310547 38.4000015258789 38.4000015258789 38.5699996948242 39.0200004577637 39.5299987792969 40.8499984741211 42.3300018310547 43.189998626709 43.3499984741211 42.0699996948242 40.439998626709 39.3600006103516 38.7799987792969 39.1699981689453 39.9700012207031 39.1800003051758 36.7599983215332 34.9099998474121 34.2400016784668 33.2799987792969 32.7999992370605
3.32999992370605 4 4.92999982833862 6.96000003814697 9.35999965667725 12.5100002288818 16.6700000762939 20.4500007629395 21.4099998474121 18.5100002288818 14.5200004577637 12.5399999618530 13.3199996948242 14.8400001525879 17.2000007629395 19.8099994659424 21.8999996185303 24.2700004577637 27.0699996948242 29.6100006103516 32.1599998474121 34.7000007629395 36.2999992370605 37.689998626709 38.9700012207031 39.4599990844727 40 40 40 39.5999984741211 38.4099998474121 36.9599990844727 36.6199989318848 37.0999984741211 37.5 37.7299995422363 37.6199989318848 38.5299987792969 39.9099998474121 41.5200004577637 42.5299987792969 43.0200004577637 42.5900001525879 41.5499992370605 40.8499984741211 40.4199981689453 39.9799995422363 39.7999992370605 38.5099983215332 36.4900016784668 34.9900016784668 34.439998626709 32.8300018310547 31.3500003814697
2.69000005722046 3.65000009536743 4.55999994277954 6.05999994277954 8.42000007629395 11.5 16.3600006103516 21.9099998474121 22.9400005340576 19.8199996948242 15.3100004196167 13.3299999237061 14.6499996185303 16.1900005340576 17.4699993133545 18.9799995422363 20.9300003051758 23.7099990844727 27.6599998474121 31.1000003814697 33.6699981689453 35.7599983215332 37.2999992370605 38.4099998474121 39.3199996948242 39.9799995422363 40 40 40 39.5999984741211 38.2999992370605 36.6599998474121 36 36.6199989318848 37 37.0200004577637 37 37.5999984741211 38.9300003051758 40.560001373291 41.5400009155273 42.5299987792969 43 42.7700004577637 42.4199981689453 41.5099983215332 40.5299987792969 40 39.7099990844727 38.0499992370605 34.8800010681152 32.9300003051758 31.4099998474121 29.8299999237061
3.22000002861023 4.21999979019165 5.25 6.71000003814697 8.75 11.7200002670288 17.4699993133545 23.3999996185303 24.5200004577637 21.3199996948242 16.2199993133545 14.1700000762939 15.5500001907349 17.1800003051758 18.2199993133545 18.9899997711182 20.2600002288818 23.9500007629395 28.7600002288818 32.8300018310547 35.4799995422363 37.1300010681152 38.2999992370605 39.3199996948242 40.0499992370605 40 40.3499984741211 40.9000015258789 40.5299987792969 39.6300010681152 38.2999992370605 37 36.9000015258789 36.9799995422363 37 37 37 37.3699989318848 38.4700012207031 39.8600006103516 41 41.9700012207031 43 43.3499984741211 43.5299987792969 42.5800018310547 41.5 40.7999992370605 40.5999984741211 38.9900016784668 35.2999992370605 32.2000007629395 30.1900005340576 29.109375
3.4300000667572 4.48999977111816 5.76000022888184 7.67000007629395 9.39999961853027 13.4700002670288 21.9300003051758 27.3500003814697 26.3600006103516 21.5200004577637 16.3700008392334 14 15.0299997329712 16.8600006103516 18.3299999237061 19 19.9899997711182 23.6700000762939 29.0200004577637 33.2000007629395 35.9000015258789 37.7400016784668 39.2400016784668 40.6500015258789 41.439998626709 40.9799995422363 41.310001373291 41.9000015258789 41.4500007629395 40.1100006103516 38.2999992370605 37 37.0200004577637 37.189998626709 37.0800018310547 36.8300018310547 36.0999984741211 36.8699989318848 38.3699989318848 39.4700012207031 40.5499992370605 41.7999992370605 43.2299995422363 44.2700004577637 44.9599990844727 44.4900016784668 42.7799987792969 39.7099990844727 37.560001373291 36.7200012207031 34.3899993896484 30.8899993896484 28.3899993896484 28.1000003814697
3.77999997138977 5.30000019073486 6.42000007629395 8.25 10.3100004196167 15.7799997329712 25.3899993896484 28.0200004577637 24.6900005340576 20.2600002288818 16.0400009155273 14.1999998092651 14.9799995422363 16.4099998474121 17.5499992370605 18.8799991607666 21.0900001525879 24.8199996948242 29.4699993133545 33.1599998474121 35.810001373291 37.9000015258789 39.6399993896484 41.5400009155273 42.7599983215332 42.3899993896484 42.2799987792969 42.9000015258789 42.1300010681152 40.3400001525879 38.310001373291 37 37.7299995422363 38.8899993896484 38.4599990844727 37.4500007629395 36.439998626709 36.4099998474121 37.8400001525879 39.3699989318848 40.4000015258789 41.4099998474121 42.9199981689453 45.1699981689453 47.1500015258789 47.3600006103516 45.25 40.3800010681152 35.8800010681152 33.2200012207031 29.5400009155273 27.234375 28 28
4.69000005722046 6.23999977111816 7.67000007629395 9.67000007629395 11.8000001907349 16.6499996185303 23.3700008392334 24.7900009155273 22.5100002288818 19.7800006866455 17.0200004577637 15.6999998092651 15.8500003814697 16 17.0100002288818 19.2000007629395 22.4500007629395 26.0300006866455 29.5400009155273 32.7599983215332 35.2299995422363 37.7799987792969 39.439998626709 40.9199981689453 42.5200004577637 43 42.9799995422363 43 42.6199989318848 41.1300010681152 38.8899993896484 37.2099990844727 38.9099998474121 41.1699981689453 39.9900016784668 38.1599998474121 36.6300010681152 36 37.0400009155273 39 40.4900016784668 41.0499992370605 42.8499984741211 46.6399993896484 49.8300018310547 51.0699996948242 48.810001373291 43.9700012207031 41.7900009155273 41.171875 28.3999996185303 26 -3.4e+38 -3.4e+38
5.34999990463257 6.78000020980835 8.96000003814697 11.3900003433228 14.5799999237061 19.7900009155273 23.1700000762939 22.8199996948242 21.2999992370605 19.25 17.5900001525879 16.9099998474121 16.9500007629395 17.0900001525879 17.8700008392334 20.2399997711182 23.5200004577637 26.7299995422363 29.0100002288818 31.5300006866455 34.3800010681152 36.9199981689453 38.8400001525879 40.439998626709 41.9599990844727 43.2000007629395 43.9000015258789 43.9000015258789 43.5299987792969 42.5200004577637 41.0200004577637 39.4500007629395 40.2200012207031 42 41.0699996948242 39.1300010681152 37.2400016784668 36.2000007629395 37.3300018310547 39.9700012207031 41.75 43.3899993896484 46.9300003051758 50.9799995422363 54.4099998474121 57.21875 49.5999984741211 44.7999992370605 43.4000015258789 44 -3.4e+38 -3.4e+38 -3.4e+38 -3.4e+38
5.84000015258789 7.69999980926514 9.4700002670288 11.4399995803833 16.6100006103516 21.6399993896484 21.6700000762939 21.6399993896484 20.3099994659424 18.6900005340576 18 17.8999996185303 18.2700004577637 19.0900001525879 20.4699993133545 22.4899997711182 24.7399997711182 27.1599998474121 29.6599998474121 31.7399997711182 34.2799987792969 36.560001373291 38.060001373291 40.0200004577637 41.9700012207031 43 43.8699989318848 44.8899993896484 44.7700004577637 44.5900001525879 44.0900001525879 43.0400009155273 42.5900001525879 42.5200004577637 41.6500015258789 40.4799995422363 38.9799995422363 38.0099983215332 39.560001373291 43.6599998474121 47.4900016784668 55.1699981689453 68.9100036621094 74.453125 55.5 59 -3.4e+38 -3.4e+38 -3.4e+38 -3.4e+38 -3.4e+38 -3.4e+38 -3.4e+38 -3.4e+38
