pkg/rmaxent/inst/layers/pre6190_l7.asc
NCOLS 122 
NROWS 160 
XLLCORNER -94.8 
YLLCORNER -56.45 
CELLSIZE 0.5 
NODATA_value -3.4e+38 
[rows 26 to 51 of 160, columns 0 to 56 of 122]
-3.4e+38 -3.4e+38 -3.4e+38 -3.4e+38 -3.4e+38 -3.4e+38 -3.4e+38 -3.4e+38 -3.4e+38 -3.4e+38 -3.4e+38 -3.4e+38 -3.4e+38 -3.4e+38 -3.4e+38 -3.4e+38 -3.4e+38 57.375 59.6100006103516 85.4599990844727 128.550003051758 153.850006103516 159.4375 140.5 -3.4e+38 -3.4e+38 -3.4e+38 -3.4e+38 -3.4e+38 -3.4e+38 -3.4e+38 -3.4e+38 -3.4e+38 -3.4e+38 -3.4e+38 -3.4e+38 -3.4e+38 45.0555572509766 43.138298034668 39.6699981689453 38.4099998474121 39.8600006103516 37.3600006103516 28.3500003814697 31.25 33 21.3500003814697 15.6400003433228 12.0699996948242 19.3899993896484 32.939998626709 52.4900016784668 62.7000007629395 57.4799995422363 51.6100006103516 49.9300003051758 56.7999992370605
-3.4e+38 -3.4e+38 -3.4e+38 -3.4e+38 -3.4e+38 -3.4e+38 -3.4e+38 -3.4e+38 -3.4e+38 -3.4e+38 -3.4e+38 -3.4e+38 -3.4e+38 -3.4e+38 -3.4e+38 -3.4e+38 -3.4e+38 71.9749984741211 78.5299987792969 92.6399993896484 92.7799987792969 108.900001525879 124.599998474121 99.3229141235352 100.544441223145 97.425926208496 -3.4e+38 -3.4e+38 -3.4e+38 -3.4e+38 -3.4e+38 -3.4e+38 -3.4e+38 -3.4e+38 -3.4e+38 -3.4e+38 -3.4e+38 46.7750015258789 44.7400016784668 39.7299995422363 36.7000007629395 38.0699996948242 37.4300003051758 37.0699996948242 41.5400009155273 43.90625 28.3260860443115 24.3700008392334 23.5 46.7200012207031 65.5 68.2600021362305 75.7799987792969 67.629997253418 61.3800010681152 60.5200004577637 68.0199966430664
-3.4e+38 -3.4e+38 -3.4e+38 -3.4e+38 -3.4e+38 -3.4e+38 -3.4e+38 -3.4e+38 -3.4e+38 -3.4e+38 -3.4e+38 -3.4e+38 -3.4e+38 -3.4e+38 -3.4e+38 -3.4e+38 -3.4e+38 75 83.9000015258789 96.099998474121 85.1956558227539 88.4400024414062 88.3300018310547 80.5400009155273 87.4300003051758 89.8000030517578 -3.4e+38 -3.4e+38 96.6111145019531 96.7444458007812 96.5 88.0222244262695 74.9777755737305 71.185188293457 -3.4e+38 -3.4e+38 57.8333320617676 51.7659568786621 43.1300010681152 42.4700012207031 45.1699981689453 43.3300018310547 39.4599990844727 41.8600006103516 47.4700012207031 42.9270820617676 33.4255332946777 27.5699996948242 34.2299995422363 70.4100036621094 88.3499984741211 82.3300018310547 82.4700012207031 73.4100036621094 64.3399963378906 64.3399963378906 71.0299987792969
-3.4e+38 -3.4e+38 -3.4e+38 -3.4e+38 -3.4e+38 -3.4e+38 -3.4e+38 -3.4e+38 -3.4e+38 -3.4e+38 -3.4e+38 -3.4e+38 -3.4e+38 -3.4e+38 -3.4e+38 -3.4e+38 -3.4e+38 -3.4e+38 -3.4e+38 -3.4e+38 86 80.1521759033203 83.9300003051758 87.9400024414062 83.5500030517578 80.34375 75.3111114501953 71.8777770996094 68.9574432373047 66.5999984741211 76.6600036621094 84.2300033569336 64.0899963378906 61.9479179382324 64.1999969482422 70.2444458007812 61.4255332946777 53.1199989318848 58.9700012207031 72.5599975585938 78.7600021362305 66.3000030517578 47.0900001525879 41.1599998474121 51.0999984741211 47.6199989318848 34.0499992370605 29.2099990844727 55.7200012207031 88.3499984741211 90.620002746582 90.3600006103516 87.7099990844727 80.4100036621094 72.4899978637695 70.8199996948242 73.2699966430664
-3.4e+38 -3.4e+38 -3.4e+38 -3.4e+38 -3.4e+38 -3.4e+38 -3.4e+38 -3.4e+38 -3.4e+38 -3.4e+38 -3.4e+38 -3.4e+38 -3.4e+38 -3.4e+38 -3.4e+38 -3.4e+38 -3.4e+38 -3.4e+38 -3.4e+38 -3.4e+38 -3.4e+38 75.4499969482422 77.25 77.9800033569336 76.0999984741211 74.6100006103516 68.7600021362305 62.6199989318848 70.2699966430664 87.7699966430664 92.7200012207031 95.078125 56.2391319274902 57.5800018310547 59.9599990844727 62.1199989318848 61.3400001525879 64.4700012207031 78.0999984741211 98.8000030517578 101.639999389648 81.1800003051758 52.7799987792969 31.8899993896484 43.9199981689453 42.6599998474121 28.1200008392334 43.3199996948242 68.9599990844727 84.9700012207031 90.9800033569336 93.4300003051758 91.3099975585938 86.7099990844727 81.5800018310547 78.0100021362305 76.4300003051758
-3.4e+38 -3.4e+38 -3.4e+38 -3.4e+38 -3.4e+38 -3.4e+38 -3.4e+38 -3.4e+38 -3.4e+38 -3.4e+38 -3.4e+38 -3.4e+38 -3.4e+38 -3.4e+38 -3.4e+38 -3.4e+38 -3.4e+38 -3.4e+38 -3.4e+38 -3.4e+38 -3.4e+38 75 75.4000015258789 74.8000030517578 74.1999969482422 82.760871887207 75.5800018310547 61.9900016784668 63.1100006103516 69.890625 97.900001525879 98 107.574996948242 103.839996337891 101.489997863770 98.5100021362305 89.5999984741211 78.8600006103516 83.5100021362305 99.6399993896484 88.9700012207031 68.0299987792969 48.5299987792969 26.5200004577637 38.1300010681152 58.2299995422363 64.8899993896484 69.5599975585938 82.6699981689453 93.1999969482422 100.209999084473 103.879997253418 103.620002746582 99.8199996948242 95.1100006103516 92.7699966430664 91.9199981689453
-3.4e+38 -3.4e+38 -3.4e+38 -3.4e+38 -3.4e+38 -3.4e+38 -3.4e+38 -3.4e+38 -3.4e+38 -3.4e+38 -3.4e+38 -3.4e+38 -3.4e+38 -3.4e+38 -3.4e+38 -3.4e+38 -3.4e+38 -3.4e+38 -3.4e+38 -3.4e+38 -3.4e+38 -3.4e+38 -3.4e+38 -3.4e+38 -3.4e+38 87 77.6999969482422 67 75.5100021362305 88.1500015258789 -3.4e+38 -3.4e+38 99.75 108.860000610352 121.690002441406 121.160003662109 103.220001220703 68.3399963378906 59.7999992370605 79.0699996948242 78.379997253418 63.5 44.9599990844727 24.7000007629395 60.6800003051758 101.470001220703 79.2399978637695 84.6699981689453 92.2099990844727 99.650001525879 106.349998474121 110.599998474121 112.580001831055 112.180000305176 110.690002441406 108.910003662109 107.190002441406
-3.4e+38 -3.4e+38 -3.4e+38 -3.4e+38 -3.4e+38 -3.4e+38 -3.4e+38 -3.4e+38 -3.4e+38 -3.4e+38 -3.4e+38 -3.4e+38 -3.4e+38 -3.4e+38 -3.4e+38 -3.4e+38 -3.4e+38 -3.4e+38 -3.4e+38 -3.4e+38 -3.4e+38 -3.4e+38 -3.4e+38 -3.4e+38 -3.4e+38 -3.4e+38 -3.4e+38 69 79.0999984741211 93.8333358764648 -3.4e+38 -3.4e+38 96 100.043479919434 114.940002441406 133.720001220703 107.300003051758 59.2099990844727 45.3400001525879 56.1500015258789 73.9300003051758 68.629997253418 51.1399993896484 33.6800003051758 39.2099990844727 80.2600021362305 94.5899963378906 93.6900024414062 97.629997253418 104.360000610352 110.959999084473 115.589996337891 118.889999389648 121.910003662109 123.220001220703 122.360000610352 121.830001831055
-3.4e+38 -3.4e+38 -3.4e+38 -3.4e+38 -3.4e+38 -3.4e+38 -3.4e+38 -3.4e+38 -3.4e+38 -3.4e+38 -3.4e+38 -3.4e+38 -3.4e+38 -3.4e+38 -3.4e+38 -3.4e+38 -3.4e+38 -3.4e+38 -3.4e+38 -3.4e+38 -3.4e+38 -3.4e+38 -3.4e+38 -3.4e+38 -3.4e+38 -3.4e+38 -3.4e+38 -3.4e+38 -3.4e+38 -3.4e+38 -3.4e+38 -3.4e+38 -3.4e+38 96 137.891311645508 154.130004882812 127.650001525879 62.5800018310547 47.689998626709 54.5299987792969 68.2799987792969 64.1900024414062 53.7599983215332 35.3699989318848 29.2700004577637 73.379997253418 104.199996948242 102.190002441406 104.220001220703 109.190002441406 115.440002441406 120.059997558594 123.919998168945 127.660003662109 129.960006713867 130.380004882812 131.929992675781
-3.4e+38 -3.4e+38 -3.4e+38 -3.4e+38 -3.4e+38 -3.4e+38 -3.4e+38 -3.4e+38 -3.4e+38 -3.4e+38 -3.4e+38 -3.4e+38 -3.4e+38 -3.4e+38 -3.4e+38 -3.4e+38 -3.4e+38 -3.4e+38 -3.4e+38 -3.4e+38 -3.4e+38 -3.4e+38 -3.4e+38 -3.4e+38 -3.4e+38 -3.4e+38 -3.4e+38 -3.4e+38 -3.4e+38 -3.4e+38 -3.4e+38 -3.4e+38 -3.4e+38 -3.4e+38 173.800003051758 185.809997558594 151.410003662109 67.1900024414062 51.5699996948242 49.1300010681152 54.810001373291 43.9599990844727 25.0799999237061 27.6100006103516 59.9300003051758 107.940002441406 110.690002441406 107.75 108.620002746582 112.930000305176 118.669998168945 123.290000915527 126.940002441406 129.139999389648 131 134.339996337891 137.600006103516
-3.4e+38 -3.4e+38 -3.4e+38 -3.4e+38 -3.4e+38 -3.4e+38 -3.4e+38 -3.4e+38 -3.4e+38 -3.4e+38 -3.4e+38 -3.4e+38 -3.4e+38 -3.4e+38 -3.4e+38 -3.4e+38 -3.4e+38 -3.4e+38 -3.4e+38 -3.4e+38 -3.4e+38 -3.4e+38 -3.4e+38 -3.4e+38 -3.4e+38 -3.4e+38 -3.4e+38 -3.4e+38 -3.4e+38 -3.4e+38 -3.4e+38 -3.4e+38 -3.4e+38 -3.4e+38 192.399993896484 186.509994506836 133.139999389648 59.810001373291 43.0699996948242 34.9300003051758 35.6399993896484 30.3500003814697 35.6199989318848 74.4100036621094 108.720001220703 116.449996948242 110.680000305176 108.730003356934 110.230003356934 115.089996337891 121.019996643066 126.160003662109 129.529998779297 131.589996337891 134.179992675781 138 141.479995727539
-3.4e+38 -3.4e+38 -3.4e+38 -3.4e+38 -3.4e+38 -3.4e+38 -3.4e+38 -3.4e+38 -3.4e+38 -3.4e+38 -3.4e+38 -3.4e+38 -3.4e+38 -3.4e+38 -3.4e+38 -3.4e+38 -3.4e+38 -3.4e+38 -3.4e+38 -3.4e+38 -3.4e+38 -3.4e+38 -3.4e+38 -3.4e+38 -3.4e+38 -3.4e+38 -3.4e+38 -3.4e+38 -3.4e+38 -3.4e+38 -3.4e+38 -3.4e+38 -3.4e+38 -3.4e+38 197.199996948242 178.899993896484 108.120002746582 41.4199981689453 34.3699989318848 26.6800003051758 22.6900005340576 33.439998626709 80.8000030517578 133.520004272461 132.490005493164 113.769996643066 106.959999084473 106.069999694824 109.230003356934 115.580001831055 121.900001525879 127.940002441406 132.320007324219 135.380004882812 137.479995727539 139.889999389648 142.300003051758
-3.4e+38 -3.4e+38 -3.4e+38 -3.4e+38 -3.4e+38 -3.4e+38 -3.4e+38 -3.4e+38 -3.4e+38 -3.4e+38 -3.4e+38 -3.4e+38 -3.4e+38 -3.4e+38 -3.4e+38 -3.4e+38 -3.4e+38 -3.4e+38 -3.4e+38 -3.4e+38 -3.4e+38 -3.4e+38 -3.4e+38 -3.4e+38 -3.4e+38 -3.4e+38 -3.4e+38 -3.4e+38 -3.4e+38 -3.4e+38 -3.4e+38 -3.4e+38 -3.4e+38 -3.4e+38 201.324996948242 160.550003051758 70.5599975585938 25.5200004577637 28.2600002288818 25.0200004577637 26.7900009155273 86.4700012207031 147.369995117188 125.300003051758 118.75 108.75 105.379997253418 106 109.980003356934 116.720001220703 123.569999694824 130.059997558594 135.479995727539 139.160003662109 140.089996337891 140.259994506836 141.289993286133
-3.4e+38 -3.4e+38 -3.4e+38 -3.4e+38 -3.4e+38 -3.4e+38 -3.4e+38 -3.4e+38 -3.4e+38 -3.4e+38 -3.4e+38 -3.4e+38 -3.4e+38 -3.4e+38 -3.4e+38 -3.4e+38 -3.4e+38 -3.4e+38 -3.4e+38 -3.4e+38 -3.4e+38 -3.4e+38 -3.4e+38 -3.4e+38 -3.4e+38 -3.4e+38 -3.4e+38 -3.4e+38 -3.4e+38 -3.4e+38 -3.4e+38 -3.4e+38 -3.4e+38 -3.4e+38 164.975006103516 117.839996337891 36.0099983215332 19.1100006103516 21.25 20.2900009155273 34.7299995422363 94.400001525879 137.110000610352 109.550003051758 111.230003356934 109.059997558594 107.870002746582 109.269996643066 113.569999694824 119.139999389648 125.260002136230 131.240005493164 136.669998168945 140.300003051758 140.399993896484 138.580001831055 137.850006103516
-3.4e+38 -3.4e+38 -3.4e+38 -3.4e+38 -3.4e+38 -3.4e+38 -3.4e+38 -3.4e+38 -3.4e+38 -3.4e+38 -3.4e+38 -3.4e+38 -3.4e+38 -3.4e+38 -3.4e+38 -3.4e+38 -3.4e+38 -3.4e+38 -3.4e+38 -3.4e+38 -3.4e+38 -3.4e+38 -3.4e+38 -3.4e+38 -3.4e+38 -3.4e+38 -3.4e+38 -3.4e+38 -3.4e+38 -3.4e+38 -3.4e+38 -3.4e+38 -3.4e+38 -3.4e+38 115.675003051758 80.9499969482422 25 17.5699996948242 17.8199996948242 21.2399997711182 47.6599998474121 86.8000030517578 106.199996948242 105.190002441406 109.819999694824 111.059997558594 111.809997558594 113.629997253418 117.190002441406 121.720001220703 126.739997863770 131.410003662109 135.210006713867 137.270004272461 136.580001831055 134.529998779297 132.710006713867
-3.4e+38 -3.4e+38 -3.4e+38 -3.4e+38 -3.4e+38 -3.4e+38 -3.4e+38 -3.4e+38 -3.4e+38 -3.4e+38 -3.4e+38 -3.4e+38 -3.4e+38 -3.4e+38 -3.4e+38 -3.4e+38 -3.4e+38 -3.4e+38 -3.4e+38 -3.4e+38 -3.4e+38 -3.4e+38 -3.4e+38 -3.4e+38 -3.4e+38 -3.4e+38 -3.4e+38 -3.4e+38 -3.4e+38 -3.4e+38 -3.4e+38 -3.4e+38 -3.4e+38 126.944442749023 99.7872314453125 47.6100006103516 19.2099990844727 20.0900001525879 23.7099990844727 30.7399997711182 54.4599990844727 82.5400009155273 98.9899978637695 104.550003051758 109.330001831055 112.120002746582 114.449996948242 116.739997863770 120.150001525879 123.839996337891 127.129997253418 129.970001220703 131.759994506836 132.460006713867 131.25 128.740005493164 126.680000305176
-3.4e+38 -3.4e+38 -3.4e+38 -3.4e+38 -3.4e+38 -3.4e+38 -3.4e+38 -3.4e+38 -3.4e+38 -3.4e+38 -3.4e+38 -3.4e+38 -3.4e+38 -3.4e+38 -3.4e+38 -3.4e+38 -3.4e+38 -3.4e+38 -3.4e+38 -3.4e+38 -3.4e+38 -3.4e+38 -3.4e+38 -3.4e+38 -3.4e+38 -3.4e+38 -3.4e+38 -3.4e+38 -3.4e+38 -3.4e+38 -3.4e+38 71.9722213745117 75.2888870239258 81.0531921386719 59.7799987792969 24.0200004577637 25.7000007629395 33.7900009155273 32.7599983215332 48 69.6600036621094 85.9000015258789 97.9599990844727 104.809997558594 109.459999084473 112.860000610352 115.529998779297 118.029998779297 121.430000305176 124.620002746582 126.779998779297 128.080001831055 127.980003356934 126.769996643066 124.760002136230 121.949996948242 119.010002136230
-3.4e+38 -3.4e+38 -3.4e+38 -3.4e+38 -3.4e+38 -3.4e+38 -3.4e+38 -3.4e+38 -3.4e+38 -3.4e+38 -3.4e+38 -3.4e+38 -3.4e+38 -3.4e+38 -3.4e+38 -3.4e+38 -3.4e+38 -3.4e+38 -3.4e+38 -3.4e+38 -3.4e+38 -3.4e+38 -3.4e+38 -3.4e+38 -3.4e+38 -3.4e+38 -3.4e+38 -3.4e+38 -3.4e+38 -3.4e+38 -3.4e+38 59.4749984741211 65.9800033569336 66.8199996948242 41.0200004577637 21.7099990844727 33.2599983215332 47.4599990844727 60.8699989318848 80.879997253418 87.3300018310547 92.4199981689453 98.8199996948242 104.139999389648 108.300003051758 111.400001525879 114.620002746582 117.970001220703 121.379997253418 124.330001831055 125.519996643066 125.730003356934 124 120.830001831055 117.150001525879 113.580001831055 110.550003051758
-3.4e+38 -3.4e+38 -3.4e+38 -3.4e+38 -3.4e+38 -3.4e+38 -3.4e+38 -3.4e+38 -3.4e+38 -3.4e+38 -3.4e+38 -3.4e+38 -3.4e+38 -3.4e+38 -3.4e+38 -3.4e+38 -3.4e+38 -3.4e+38 -3.4e+38 -3.4e+38 -3.4e+38 -3.4e+38 -3.4e+38 -3.4e+38 -3.4e+38 -3.4e+38 -3.4e+38 -3.4e+38 -3.4e+38 31.8888893127441 36.9888877868652 50.6702117919922 73.5400009155273 65.3399963378906 25.4699993133545 36.3400001525879 62.3499984741211 85.7300033569336 88.7900009155273 93.6500015258789 94.5699996948242 96.4899978637695 99.8899993896484 103.180000305176 106.370002746582 109.279998779297 112.290000915527 115.370002746582 118.980003356934 122.510002136230 123.470001220703 122.129997253418 118.559997558594 113.720001220703 108.75 104.309997558594 101.120002746582
-3.4e+38 -3.4e+38 -3.4e+38 -3.4e+38 -3.4e+38 -3.4e+38 -3.4e+38 -3.4e+38 -3.4e+38 -3.4e+38 -3.4e+38 -3.4e+38 -3.4e+38 -3.4e+38 -3.4e+38 -3.4e+38 -3.4e+38 -3.4e+38 -3.4e+38 -3.4e+38 -3.4e+38 -3.4e+38 -3.4e+38 -3.4e+38 -3.4e+38 -3.4e+38 -3.4e+38 -3.4e+38 21.6388893127441 22.8723411560059 29.8899993896484 41.1800003051758 43.1300010681152 28.1800003051758 25.8299999237061 64.7900009155273 97.650001525879 98.5599975585938 95.4599990844727 95.1100006103516 96.0899963378906 97.3199996948242 98.9599990844727 101.430000305176 103.970001220703 106.050003051758 108.150001525879 110.629997253418 113.610000610352 116.260002136230 118.040000915527 117.370002746582 112.550003051758 105.910003662109 99.4599990844727 94.3899993896484 90.879997253418
-3.4e+38 -3.4e+38 -3.4e+38 -3.4e+38 -3.4e+38 -3.4e+38 -3.4e+38 -3.4e+38 -3.4e+38 -3.4e+38 -3.4e+38 -3.4e+38 -3.4e+38 -3.4e+38 -3.4e+38 -3.4e+38 -3.4e+38 -3.4e+38 -3.4e+38 -3.4e+38 -3.4e+38 -3.4e+38 -3.4e+38 -3.4e+38 -3.4e+38 -3.4e+38 -3.4e+38 -3.4e+38 16.6000003814697 18.7299995422363 27.0799999237061 33.0499992370605 22.9099998474121 16.5599994659424 46.1800003051758 86.1399993896484 94.349998474121 91.7799987792969 92.9499969482422 93.6800003051758 95.0299987792969 96.5199966430664 97.879997253418 99.5199966430664 100.760002136230 101.849998474121 102.980003356934 104.449996948242 105.800003051758 106.910003662109 108.830001831055 108.599998474121 104.290000915527 97.2300033569336 89.3300018310547 83.6600036621094 81.1399993896484
-3.4e+38 -3.4e+38 -3.4e+38 -3.4e+38 -3.4e+38 26 22.2111110687256 19.6000003814697 23.8518524169922 -3.4e+38 -3.4e+38 -3.4e+38 -3.4e+38 -3.4e+38 -3.4e+38 -3.4e+38 -3.4e+38 -3.4e+38 -3.4e+38 -3.4e+38 -3.4e+38 -3.4e+38 -3.4e+38 -3.4e+38 -3.4e+38 -3.4e+38 -3.4e+38 -3.4e+38 10.625 13.7399997711182 23.4500007629395 24.2199993133545 12.3400001525879 23.7000007629395 64.0699996948242 94.2799987792969 93.5999984741211 91.2799987792969 91.1699981689453 92.2900009155273 94.4300003051758 95.5899963378906 96.5500030517578 97.2099990844727 97.3199996948242 97.400001525879 97.8399963378906 98.120002746582 97.8000030517578 98.1600036621094 98.7399978637695 97.9300003051758 94.0800018310547 87.8300018310547 80.0400009155273 74.5 73.0199966430664
-3.4e+38 -3.4e+38 -3.4e+38 -3.4e+38 -3.4e+38 26 16.4347820281982 17.9400005340576 22.1458339691162 22.3999996185303 23 -3.4e+38 -3.4e+38 -3.4e+38 -3.4e+38 -3.4e+38 -3.4e+38 -3.4e+38 -3.4e+38 -3.4e+38 -3.4e+38 -3.4e+38 -3.4e+38 -3.4e+38 -3.4e+38 -3.4e+38 -3.4e+38 5.63888883590698 5.84042549133301 8.56999969482422 17.8299999237061 18.7299995422363 9.51000022888184 38.310001373291 85.4000015258789 99.8000030517578 96.5400009155273 92.4599990844727 89.9899978637695 91.0199966430664 94 95.4599990844727 95.7600021362305 94.870002746582 93.5199966430664 92.4599990844727 92.0699996948242 90.9199981689453 89.8199996948242 89.5999984741211 88.7200012207031 87.3899993896484 84.4400024414062 79.4899978637695 73.6500015258789 69.3000030517578 67.6399993896484
-3.4e+38 -3.4e+38 -3.4e+38 -3.4e+38 -3.4e+38 -3.4e+38 19.0750007629395 19.265625 22 22.3999996185303 23 -3.4e+38 -3.4e+38 -3.4e+38 -3.4e+38 -3.4e+38 -3.4e+38 -3.4e+38 -3.4e+38 -3.4e+38 -3.4e+38 -3.4e+38 -3.4e+38 -3.4e+38 -3.4e+38 -3.4e+38 -3.4e+38 0.925000011920929 1.6599999666214 3.65000009536743 13.6800003051758 17.6000003814697 14.6999998092651 58.5099983215332 103.150001525879 102.339996337891 98.0100021362305 93.9599990844727 91.3000030517578 91.9800033569336 94.7099990844727 96.0100021362305 95.1999969482422 92.4499969482422 89.1399993896484 86.6999969482422 84.9199981689453 83.3000030517578 82.25 81.3399963378906 80 78.120002746582 75.6800003051758 72.1699981689453 68.379997253418 65.4599990844727 63.8800010681152
-3.4e+38 -3.4e+38 -3.4e+38 -3.4e+38 -3.4e+38 -3.4e+38 20 20 -3.4e+38 -3.4e+38 -3.4e+38 -3.4e+38 -3.4e+38 -3.4e+38 -3.4e+38 -3.4e+38 -3.4e+38 -3.4e+38 -3.4e+38 -3.4e+38 -3.4e+38 -3.4e+38 -3.4e+38 -3.4e+38 -3.4e+38 -3.4e+38 -3.4e+38 0 0.0900000035762787 1.86000001430511 12.9600000381470 17.8500003814697 16.5499992370605 60.2799987792969 101.489997863770 99.900001525879 96.379997253418 93 91.6600036621094 92.8300018310547 95.9499969482422 97.0199966430664 94.0299987792969 88.8300018310547 83.8000030517578 79.9899978637695 77.0100021362305 75.0400009155273 73.6100006103516 72.6100006103516 71.2200012207031 69.5599975585938 67.6999969482422 65.3499984741211 63.3199996948242 61.1199989318848 60.0299987792969
-3.4e+38 -3.4e+38 -3.4e+38 -3.4e+38 -3.4e+38 -3.4e+38 -3.4e+38 -3.4e+38 -3.4e+38 -3.4e+38 -3.4e+38 -3.4e+38 -3.4e+38 -3.4e+38 -3.4e+38 -3.4e+38 -3.4e+38 -3.4e+38 -3.4e+38 -3.4e+38 -3.4e+38 -3.4e+38 -3.4e+38 -3.4e+38 -3.4e+38 -3.4e+38 0 0 0.0500000007450581 2.19000005722046 12.9099998474121 17.9500007629395 18.2600002288818 56.25 93.2799987792969 94.599998474121 91.6600036621094 88.4100036621094 87.8499984741211 90.4400024414062 95.2399978637695 97.4100036621094 91.6500015258789 83.1900024414062 76.5699996948242 72.0800018310547 68.6399993896484 66.4800033569336 65.3399963378906 64.3499984741211 63.0800018310547 61.7700004577637 60.810001373291 59.2000007629395 58.0900001525879 56.939998626709 56.2599983215332
