pkg/rmaxent/inst/layers/pre6190_l10.asc
NCOLS 122 
NROWS 160 
XLLCORNER -94.8 
YLLCORNER -56.45 
CELLSIZE 0.5 
NODATA_value -3.4e+38 
[rows 48 to 71 of 160, columns 55 to 109 of 122]
58.7299995422363 55.1699981689453 53.3400001525879 51.6300010681152 50.6599998474121 50.3499984741211 50.9000015258789 50.8199996948242 50.3899993896484 48.5900001525879 45.1399993896484 41.2200012207031 37.2999992370605 33.6800003051758 30.2000007629395 26.6700000762939 23.7000007629395 21.3199996948242 19.6900005340576 19 18.7700004577637 18.3600006103516 17.4899997711182 16.5499992370605 15.1199998855591 13.3400001525879 12.0299997329712 12 12.2899999618530 13.2700004577637 14.0600004196167 14.7100000381470 15.5799999237061 16.7000007629395 16.6900005340576 15.8400001525879 13.3999996185303 14.5799999237061 15.96875 9.32222175598145 10.2444448471069 14.4259262084961 -3.4e+38 -3.4e+38 -3.4e+38 -3.4e+38 -3.4e+38 -3.4e+38 -3.4e+38 -3.4e+38 -3.4e+38 -3.4e+38 -3.4e+38 -3.4e+38 -3.4e+38
59.3899993896484 56.0800018310547 54.060001373291 52.1399993896484 51 51.2799987792969 51.9000015258789 52.2400016784668 52.2299995422363 50.1399993896484 46.6199989318848 43.1300010681152 39.2200012207031 35.2999992370605 31.3299999237061 27.4099998474121 23.8899993896484 21.5300006866455 20.3700008392334 19.8999996185303 19.8999996185303 19.8199996948242 19.4099998474121 18.0799999237061 15.7299995422363 13.2100000381470 12 12 12.7799997329712 14.3100004196167 15.7100000381470 17.3600006103516 19.5699996948242 21.6499996185303 22.1900005340576 22.1100006103516 22.3500003814697 23.1700000762939 20.6000003814697 14.0200004577637 10.6199998855591 9.53125 7.01111125946045 7.03333330154419 9.5740737915039 -3.4e+38 -3.4e+38 -3.4e+38 -3.4e+38 -3.4e+38 -3.4e+38 -3.4e+38 -3.4e+38 -3.4e+38 -3.4e+38
60.2400016784668 56.7400016784668 54.3199996948242 52.6199989318848 51.9099998474121 51.9799995422363 52.3499984741211 52.9799995422363 52.689998626709 50.7900009155273 47.7299995422363 44.689998626709 41.2200012207031 37.2200012207031 32.8499984741211 28.3299999237061 24.5699996948242 21.6499996185303 20.0300006866455 20.2900009155273 20.9500007629395 21.3299999237061 21.5799999237061 19.9799995422363 16.3500003814697 12.9899997711182 11.3100004196167 11.9799995422363 13.6800003051758 15.6000003814697 17.1000003814697 18.6599998474121 21.6499996185303 24.7399997711182 25.5 26.2000007629395 28.2299995422363 29.4400005340576 26.1299991607666 19.7000007629395 14.7299995422363 11.4700002670288 8.97999954223633 7.28000020980835 5.79166650772095 4.01851844787598 -3.4e+38 -3.4e+38 -3.4e+38 -3.4e+38 -3.4e+38 -3.4e+38 -3.4e+38 -3.4e+38 -3.4e+38
60.8600006103516 57.4099998474121 54.6300010681152 53.5200004577637 52.9000015258789 52.9000015258789 53.310001373291 53.9000015258789 53.4199981689453 51.7000007629395 49.0900001525879 46.5200004577637 43.1300010681152 39.2400016784668 34.8400001525879 29.5100002288818 24.1399993896484 20.3999996185303 19.4500007629395 20.6499996185303 22.2199993133545 22.7900009155273 22.4699993133545 20.4200000762939 16.7999992370605 14.1000003814697 12.9099998474121 13.3000001907349 14.4700002670288 15.9700002670288 17.3999996185303 18.7800006866455 21.1800003051758 24.2700004577637 26.1299991607666 27.5499992370605 29.2600002288818 29.6200008392334 27.2800006866455 22.5799999237061 17.9699993133545 14.4300003051758 11.5200004577637 8.72999954223633 6.15000009536743 5.3125 5.98148155212402 4.88888883590698 4.88888883590698 -3.4e+38 -3.4e+38 -3.4e+38 -3.4e+38 -3.4e+38 -3.4e+38
62.1399993896484 58.3199996948242 55.560001373291 54.5099983215332 53.9000015258789 53.9000015258789 54.310001373291 54.560001373291 53.7599983215332 52.5999984741211 50.6100006103516 47.7900009155273 44.689998626709 41.5299987792969 37.2900009155273 31.0300006866455 24.2299995422363 19.0599994659424 18.1499996185303 20.3799991607666 23.0400009155273 24.3199996948242 23.1499996185303 20.8099994659424 17.8199996948242 15.9300003051758 15.6999998092651 15.7600002288818 16.2299995422363 17.0300006866455 17.5499992370605 18.0699996948242 19.4099998474121 22.4099998474121 24.9699993133545 26.8199996948242 28.1399993896484 27.8799991607666 26.3400001525879 23.3299999237061 19.6200008392334 16.5400009155273 13.9300003051758 11.1000003814697 7.76000022888184 5.76999998092651 4.79166650772095 3.85106372833252 3.16666674613953 2.70000004768372 2.46666669845581 2.59999990463257 2 2 2
62.7999992370605 59.6100006103516 57.0200004577637 55.5900001525879 54.9799995422363 54.9000015258789 55.310001373291 55.8199996948242 55.3899993896484 54.0699996948242 52.0900001525879 49.5400009155273 46.5999984741211 43.5900001525879 39.3499984741211 32.7200012207031 25.0300006866455 19.2900009155273 18.5400009155273 21.2900009155273 23.5400009155273 24.5499992370605 24.0699996948242 22.0699996948242 20 18.7999992370605 18.7999992370605 18.7999992370605 18.8400001525879 18.8899993896484 18.5799999237061 17.6700000762939 17.9099998474121 21.0699996948242 23.7099990844727 25.2000007629395 26.6700000762939 26.7999992370605 25.6499996185303 23.6700000762939 20.6700000762939 18.0400009155273 15.9499998092651 13.5299997329712 10.4300003051758 7.55000019073486 5.55999994277954 4.51000022888184 3.90000009536743 3.48000001907349 2.98000001907349 2.69000005722046 1.83000004291534 1.10000002384186 1.10000002384186
63.7099990844727 60.7299995422363 58.4799995422363 57.3300018310547 56.4500007629395 56.0999984741211 56.3899993896484 57.3300018310547 57.3199996948242 55.9199981689453 53.6100006103516 51.0900001525879 48.5200004577637 45.2099990844727 40.939998626709 35.0499992370605 28.7600002288818 24.2399997711182 22.9899997711182 24.2000007629395 25.3299999237061 25.5699996948242 24.7700004577637 23.6200008392334 22.7999992370605 22.5599994659424 22.6000003814697 22.6000003814697 22.3099994659424 21.8799991607666 21.3899993896484 20.7199993133545 21.0100002288818 22.6800003051758 24.1700000762939 25.1000003814697 26.5699996948242 26.6900005340576 25.3799991607666 23.3600006103516 21.1499996185303 19.0599994659424 17.3199996948242 15.3999996185303 12.4799995422363 9.53999996185303 7.07000017166138 5.55999994277954 4.55999994277954 4.19999980926514 4.09999990463257 3.54999995231628 2.45000004768372 1.89999997615814 1.16999995708466
64.5899963378906 62.0200004577637 59.9900016784668 58.5200004577637 57.7700004577637 57.7000007629395 58.1100006103516 58.7200012207031 58.4199981689453 57.0699996948242 55.0400009155273 52.6100006103516 49.7900009155273 46.689998626709 43.1399993896484 38.5999984741211 33.810001373291 30.5 28.9500007629395 28.5699996948242 28.7199993133545 28.3899993896484 27.4400005340576 26.7600002288818 26.3099994659424 26.1700000762939 26.6599998474121 26.7000007629395 26.6000003814697 26.2199993133545 25.7000007629395 25.5100002288818 25.5599994659424 26.1000003814697 26.8500003814697 27.6100006103516 28.4400005340576 27.5900001525879 26.0599994659424 23.7399997711182 21.3099994659424 19.2999992370605 17.3400001525879 15.3500003814697 13.1499996185303 11.0200004577637 8.92000007629395 7.01999998092651 5.8600001335144 5.69999980926514 5.69999980926514 4.94999980926514 3.11999988555908 1.74000000953674 1.00999999046326
64.3899993896484 62.560001373291 61.0800018310547 59.5200004577637 58.9000015258789 58.9000015258789 58.9799995422363 59 58.5999984741211 57.5299987792969 56.060001373291 54.0200004577637 51.5400009155273 48.6300010681152 45.6199989318848 42.0999984741211 38.4500007629395 36.0800018310547 34.9099998474121 34.0200004577637 33.2599983215332 32.6100006103516 32.0200004577637 31.1700000762939 30.6000003814697 30.5599994659424 30.9799995422363 31.4599990844727 31.5 31.4699993133545 31.3799991607666 30.9200000762939 30.5 30.5599994659424 31.0100002288818 31.6399993896484 31.3799991607666 29.6399993896484 26.9200000762939 24.2000007629395 21.7000007629395 19.2999992370605 17.2999992370605 15.3000001907349 13.3400001525879 11.6899995803833 10.1800003051758 8.47999954223633 7.3600001335144 6.90000009536743 6.36999988555908 5.17999982833862 3.20000004768372 1.60000002384186 1
65.0599975585938 63.1399993896484 61.560001373291 60.4300003051758 59.9000015258789 59.5 59 59 58.5999984741211 57.5999984741211 56.3199996948242 54.6199989318848 53.0699996948242 50.9300003051758 48.4500007629395 45.7799987792969 43.5699996948242 41.6199989318848 40.1599998474121 39.4799995422363 38.9099998474121 37.7000007629395 36.6100006103516 36.0699996948242 35.5 35.5 35.560001373291 35.9799995422363 36.4599990844727 36.5 36.2200012207031 35.7000007629395 35.5099983215332 35.5 35.8400001525879 36.3800010681152 35.2799987792969 32.5099983215332 29.1200008392334 25.3899993896484 22.0499992370605 19.4699993133545 17.4200000762939 15.4200000762939 13.9899997711182 13.3599996566772 12.0200004577637 10.1499996185303 8.34000015258789 6.98000001907349 5.92999982833862 4.48000001907349 2.8199999332428 1.73000001907349 1.14999997615814
65.1999969482422 63.5 62.0200004577637 60.5999984741211 60 60 59.3800010681152 59 58.5400009155273 57.6599998474121 56.6199989318848 55.5200004577637 54.4300003051758 52.9500007629395 50.9500007629395 49.25 48.1300010681152 46.9799995422363 45.9099998474121 45.0200004577637 44.1199989318848 43.0299987792969 41.9700012207031 41.0699996948242 40.4799995422363 40.4000015258789 40.4000015258789 40.5200004577637 41.0099983215332 41.5 41.4700012207031 41.3800010681152 40.9199981689453 40.4799995422363 40.439998626709 40.2099990844727 38.5299987792969 35.5699996948242 31.8299999237061 27.7399997711182 24.5799999237061 21.6499996185303 19.1700000762939 17.1599998474121 15.6499996185303 15.0500001907349 14.4499998092651 12.9799995422363 11.2899999618530 9.51000022888184 7.15000009536743 5.55999994277954 4.15999984741211 3.49000000953674 3.11999988555908
64.6600036621094 63.2400016784668 61.689998626709 60.5999984741211 60 59.6800003051758 59.0200004577637 58.6800003051758 58.0200004577637 58 57.4799995422363 56.5099983215332 55.5099983215332 54.4599990844727 53.3400001525879 52.5800018310547 52.1500015258789 51.5 51.0200004577637 50.4700012207031 49.5800018310547 48.0699996948242 47.0499992370605 46 45.1199989318848 44.6800003051758 44.5999984741211 44.939998626709 45.7999992370605 46.7299995422363 46.9099998474121 46.1699981689453 45.5400009155273 45.0200004577637 44.2099990844727 43.2900009155273 41.8199996948242 39.3600006103516 35.9599990844727 32 28.5300006866455 25.4699993133545 22.8500003814697 20.8700008392334 19.25 18.2900009155273 17.6599998474121 16.75 15.1700000762939 12.9899997711182 9.85000038146973 7.78000020980835 6.78999996185303 7.34999990463257 6.48999977111816
64.2399978637695 62.6599998474121 61.5299987792969 60.5299987792969 59.6699981689453 59.0200004577637 58.6800003051758 58.0200004577637 58 58 58 57.4799995422363 56.5099983215332 55.7700004577637 55.3600006103516 55.1399993896484 55.5699996948242 55.560001373291 55.5800018310547 55.5 54.6199989318848 52.9700012207031 51.6199989318848 50.2000007629395 49.4799995422363 49.0499992370605 48.5999984741211 48.9700012207031 49.9199981689453 50.8699989318848 51.3899993896484 50.8400001525879 49.6199989318848 48.2999992370605 47.2900009155273 46.2900009155273 44.8899993896484 42.8300018310547 40.3300018310547 37.2200012207031 33.7999992370605 30.2399997711182 27.2999992370605 25.1200008392334 23.6000003814697 22.1299991607666 21.1700000762939 20.1000003814697 18.6599998474121 15.9200000762939 12.0399999618530 8.67000007629395 6.94999980926514 6.76000022888184 5.8600001335144
63.5900001525879 62.1599998474121 60.7400016784668 59.7299995422363 58.7400016784668 58.0999984741211 58.0200004577637 58 58 58 58 58 57.4799995422363 56.9000015258789 56.8199996948242 57.2000007629395 58.0499992370605 58.9000015258789 60.0099983215332 60.3600006103516 58.6300010681152 56.689998626709 55.1300010681152 54.0400009155273 53.1300010681152 52.5800018310547 52.5 52.5400009155273 53.0200004577637 53.75 53.8899993896484 53.4000015258789 52.3600006103516 51.25 50.2099990844727 49.2299995422363 47.8899993896484 45.9000015258789 44.1699981689453 42.1500015258789 38.8199996948242 34.9000015258789 31.3999996185303 28.8700008392334 26.8999996185303 25.2600002288818 23.8899993896484 22.0400009155273 20.0200004577637 17.1399993896484 12.8599996566772 8.40999984741211 5.80999994277954 5.28000020980835 5.01999998092651
62.3400001525879 60.7400016784668 59.6199989318848 58.6100006103516 57.9199981689453 57.9300003051758 58 58 58.3499984741211 58.5299987792969 58 58 58 57.9000015258789 58.1800003051758 58.7200012207031 59.310001373291 60.310001373291 61.689998626709 62.3300018310547 60.5900001525879 58.5099983215332 57.3699989318848 56.3600006103516 55.4000015258789 54.9000015258789 54.9000015258789 54.9000015258789 55.2099990844727 55.689998626709 55.7000007629395 55.3600006103516 54.6699981689453 53.8400001525879 52.4000015258789 51.7900009155273 50.8199996948242 48.8400001525879 47.2299995422363 45.6699981689453 42.75 38.7799987792969 35.2400016784668 32.3400001525879 29.8999996185303 27.9400005340576 25.9699993133545 23.5100002288818 20.2900009155273 16.5 12.1599998474121 7.92000007629395 5.34000015258789 4.11000013351440 4.09999990463257
60.8300018310547 58.7700004577637 57.4300003051758 56.2599983215332 56.2000007629395 56.5200004577637 57.4300003051758 58.2299995422363 59.2200012207031 59.4199981689453 58.9000015258789 58.3800010681152 58 58 58.4599990844727 59.2599983215332 60.2200012207031 61.2200012207031 62.3199996948242 62.6599998474121 61.5 60.2999992370605 59.0200004577637 57.8600006103516 57.3600006103516 56.7799987792969 56.7000007629395 56.7000007629395 56.7799987792969 56.9700012207031 56.9000015258789 56.7700004577637 56.4199981689453 55.4599990844727 54.4000015258789 53.7799987792969 52.9500007629395 51.310001373291 49.4900016784668 47.1500015258789 44.310001373291 40.689998626709 37.5999984741211 34.9000015258789 32.7400016784668 30.4300003051758 27.6000003814697 23.9699993133545 19.5400009155273 15.5 11.4399995803833 7.76000022888184 5.32000017166138 3.82999992370605 3.09999990463257
58.4900016784668 56.3899993896484 54.7799987792969 53.75 53.6399993896484 54.5299987792969 55.8600006103516 57.6800003051758 59.1199989318848 59.310001373291 58.5699996948242 57.9700012207031 57.9300003051758 58.1399993896484 58.9000015258789 59.3300018310547 60.3300018310547 61.3300018310547 62.2799987792969 62.9199981689453 62.0699996948242 61 60.3400001525879 59.3899993896484 58.7700004577637 58.4199981689453 57.9000015258789 57.9000015258789 58.2400016784668 58.3800010681152 57.9000015258789 57.9000015258789 57.4799995422363 56.7700004577637 56.3600006103516 55.4900016784668 54.4700012207031 53.0200004577637 51.1199989318848 48.6699981689453 45.6800003051758 42.5299987792969 39.4700012207031 36.5099983215332 34.060001373291 32 28.7900009155273 23.8899993896484 18.9200000762939 14.4799995422363 10.4700002670288 7.23999977111816 5.46999979019165 4.48999977111816 3.55999994277954
56 53.4700012207031 51.5299987792969 50.4000015258789 50.6399993896484 51.6399993896484 53.060001373291 55.060001373291 56.3800010681152 56.5499992370605 56.6399993896484 56.6599998474121 56.560001373291 57.1500015258789 57.5999984741211 58.5299987792969 59.5299987792969 60.5299987792969 61.2299995422363 61.5999984741211 62.0099983215332 61.3899993896484 60.6599998474121 60 59.9000015258789 59.4799995422363 58.9000015258789 58.9000015258789 58.9799995422363 59 58.9000015258789 58.5 58 57.9000015258789 57.7700004577637 57.2999992370605 56.0200004577637 54.4799995422363 52.9199981689453 50.4700012207031 47.1399993896484 43.6699981689453 40.3300018310547 36.7700004577637 34.1300010681152 31.9599990844727 28.2800006866455 22.6000003814697 17.4500007629395 13.0600004196167 9.07999992370605 6.44999980926514 5.07999992370605 5.07000017166138 4.76999998092651
53.0699996948242 50.189998626709 47.9900016784668 46.8499984741211 46.7400016784668 47.75 49.2999992370605 51.2999992370605 53.1100006103516 54.1100006103516 54.5400009155273 55.0699996948242 55.0800018310547 55.5999984741211 56.4799995422363 57.4700012207031 58.5299987792969 59.4799995422363 60.0499992370605 60.5400009155273 61.0999984741211 61.0200004577637 61 60.5 60 60 59.9000015258789 59.5 59.2599983215332 59.439998626709 59 59 58.9000015258789 58.9000015258789 58.439998626709 58 57.4000015258789 55.9900016784668 54.0699996948242 51.3499984741211 47.75 44.3300018310547 40.4000015258789 36.4000015258789 32.6300010681152 28.9099998474121 24.4799995422363 19.3299999237061 14.6599998474121 11.0900001525879 8.38000011444092 6.65999984741211 6.42999982833862 6.55999994277954 5.67999982833862
49.5999984741211 47.1500015258789 44.5699996948242 42.6500015258789 41.9599990844727 43.3600006103516 45.2999992370605 47.2999992370605 49.2999992370605 50.7400016784668 51.7200012207031 52.2999992370605 53.0499992370605 54.439998626709 55.1500015258789 55.9799995422363 57.4300003051758 58.1500015258789 58.9300003051758 59.9199981689453 60.0999984741211 60.0999984741211 60.5 61 60.3800010681152 60 60 60 59.5200004577637 59.3600006103516 59.3800010681152 59 59 59 58.5400009155273 58 58 57.0699996948242 54.7299995422363 51.6800003051758 48.2999992370605 44.4000015258789 40.4000015258789 36.0400009155273 31.1800003051758 26.2299995422363 20.9500007629395 15.3999996185303 11.4799995422363 9.68000030517578 8.61999988555908 8.19999980926514 9.01000022888184 9.27000045776367 8.25
46.5800018310547 44.5099983215332 41.8199996948242 38.5400009155273 37.5800018310547 39.4700012207031 41.4000015258789 43.3400001525879 45.3699989318848 47.2400016784668 48.7200012207031 49.6699981689453 50.9799995422363 52.5200004577637 53.4700012207031 54.5 55.6300010681152 56.5499992370605 57.5299987792969 58.5999984741211 59.4900016784668 60 60 60.0999984741211 60.0200004577637 59.6800003051758 59.0999984741211 59.0999984741211 59.0200004577637 59 59.0200004577637 58.6800003051758 58.0999984741211 58.0999984741211 58.0200004577637 57.9500007629395 57.810001373291 57.25 55.0299987792969 51.2200012207031 47.7900009155273 44.3699989318848 40.4000015258789 36 30.3700008392334 24.1000003814697 17.8400001525879 11.3800001144409 8.10000038146973 8.97999954223633 9.55000019073486 9.77000045776367 11.1800003051758 11.8299999237061 10.6599998474121
44.4000015258789 42.4000015258789 40 37.3800010681152 36.4700012207031 37.5800018310547 38.75 40.2599983215332 42.5400009155273 44.5800018310547 45.7599983215332 47.0900001525879 48.6100006103516 49.7999992370605 51.0900001525879 52.5200004577637 53.8600006103516 55.060001373291 55.9799995422363 57.4300003051758 58.439998626709 59.0200004577637 59.4900016784668 59.6699981689453 59.0999984741211 59.0200004577637 59 59 59 58.6699981689453 58.0999984741211 58.0200004577637 57.6800003051758 57.0999984741211 57.0499992370605 56.6599998474121 55.8499984741211 54.5099983215332 52.1800003051758 49.060001373291 46.3800010681152 43.9500007629395 40.4700012207031 36.0800018310547 30.6299991607666 24.6299991607666 18.0200004577637 10.7200002670288 7.69999980926514 9.8100004196167 11.1700000762939 12.0100002288818 12.4600000381470 12.3000001907349 12.1199998855591
42.5 40.6199989318848 38.8300018310547 37.5299987792969 36.5900001525879 36.5400009155273 37.5299987792969 38.8800010681152 40.5400009155273 41.8300018310547 43.1300010681152 44.6100006103516 46.0900001525879 47.5200004577637 48.5900001525879 49.7599983215332 51.1800003051758 53.0299987792969 54.4799995422363 55.689998626709 56.7299995422363 57.6100006103516 58.4799995422363 58.6399993896484 58.0999984741211 58.439998626709 58.8899993896484 58.5900001525879 58.0999984741211 57.7299995422363 57.0999984741211 57.0999984741211 56.9700012207031 56.5800018310547 55.6599998474121 54.7700004577637 53.3600006103516 51.0999984741211 48.4900016784668 46.3699989318848 45.1199989318848 44.1699981689453 41.2900009155273 36.9300003051758 31.9500007629395 27.1100006103516 21.6200008392334 15.25 12.0200004577637 11.9099998474121 12.3900003433228 12.9799995422363 13.5500001907349 15 15.0600004196167
41.6300010681152 40.5900001525879 39.189998626709 37.6800003051758 36.5699996948242 36 36.5299987792969 37.5400009155273 38.6300010681152 39.9500007629395 41.1199989318848 42.1300010681152 43.5800018310547 44.7599983215332 45.7999992370605 47.1100006103516 48.9799995422363 50.6100006103516 52.4199981689453 54.3800010681152 55.75 56.7900009155273 57.1500015258789 57.2700004577637 57.0999984741211 57.2299995422363 57.3899993896484 57.2799987792969 57.0999984741211 56.7299995422363 56.0999984741211 56.0999984741211 55.75 54.8899993896484 53.8600006103516 52.4700012207031 50.2599983215332 47.3600006103516 44.3800010681152 42.9000015258789 43.9599990844727 44.4700012207031 42.2200012207031 38.1800003051758 34.0299987792969 29.6399993896484 24.6900005340576 19.8600006103516 16.6000003814697 15.2200002670288 13.8400001525879 13.3000001907349 14.2200002670288 14.5799999237061 15.1199998855591
