pkg/rmaxent/inst/layers/pre6190_l1.asc
NCOLS 122 
NROWS 160 
XLLCORNER -94.8 
YLLCORNER -56.45 
CELLSIZE 0.5 
NODATA_value -3.4e+38 
[rows 48 to 71 of 160, columns 53 to 105 of 122]
92.5800018310547 91.2900009155273 88.75 84.9100036621094 80.6600036621094 77.4800033569336 74.4700012207031 71.4599990844727 68.8300018310547 66.6500015258789 64.5400009155273 62.189998626709 60.0299987792969 58.8400001525879 57.8600006103516 57.3600006103516 57.6800003051758 58.6699981689453 59.3699989318848 59.7200012207031 60.3199996948242 60.0499992370605 59.8899993896484 60.4599990844727 61 61.6199989318848 61.4199981689453 61.0699996948242 62.4099998474121 65.9300003051758 70.8600006103516 77.2200012207031 84.2200012207031 90.9000015258789 96.7300033569336 102.389999389648 108.739997863770 116.370002746582 123.919998168945 122.540000915527 111.385414123535 97.7888870239258 88.2222213745117 88.7962951660156 -3.4e+38 -3.4e+38 -3.4e+38 -3.4e+38 -3.4e+38 -3.4e+38 -3.4e+38 -3.4e+38 -3.4e+38
91.2699966430664 90.2900009155273 87.8499984741211 84.3899993896484 80.7600021362305 78.1699981689453 76.0400009155273 73.879997253418 71.8199996948242 69.8399963378906 67.9000015258789 66.1699981689453 64.9199981689453 63.9799995422363 63.4700012207031 63.7400016784668 64.6399993896484 65.7200012207031 66.6900024414062 67.2699966430664 66.9400024414062 65.9400024414062 64.9700012207031 64.5100021362305 64.9800033569336 65.3399963378906 63.2999992370605 60.2700004577637 59.6199989318848 62.4199981689453 67.4400024414062 73.4100036621094 80.7099990844727 88.120002746582 94.6699981689453 100.980003356934 108.120002746582 115.360000610352 120.650001525879 119.769996643066 109.819999694824 94.9800033569336 82.9000015258789 77.9270858764648 73.3555526733398 73.033332824707 76.2962951660156 -3.4e+38 -3.4e+38 -3.4e+38 -3.4e+38 -3.4e+38 -3.4e+38
90.6699981689453 89.2900009155273 86.5999984741211 83.0500030517578 80.2099990844727 78.5299987792969 77.0999984741211 75.4800033569336 73.9499969482422 72.3099975585938 70.7699966430664 69.2300033569336 68.3199996948242 68.0400009155273 68.7300033569336 69.6699981689453 71.0899963378906 72.9899978637695 74.5999984741211 74.8899993896484 73.5699996948242 71.2900009155273 68.8099975585938 67.5100021362305 68.5199966430664 69.2799987792969 65.5899963378906 59.4000015258789 56.5699996948242 59.5499992370605 65.2399978637695 71.6900024414062 78.6399993896484 86.5500030517578 93.6600036621094 99.7099990844727 106.199996948242 112.419998168945 115.910003662109 114.25 106.449996948242 94.9800033569336 84.4000015258789 78.0100021362305 73.3199996948242 70.3399963378906 70.0833358764648 70.2777786254883 -3.4e+38 -3.4e+38 -3.4e+38 -3.4e+38 -3.4e+38
89.8899993896484 88.4199981689453 85.9100036621094 82.1600036621094 79.2600021362305 78.7200012207031 78.1100006103516 77.0699996948242 75.4800033569336 74.0199966430664 72.5100021362305 71.7900009155273 71.5800018310547 71.9199981689453 72.9599990844727 74.3199996948242 76.5800018310547 79.5400009155273 82.4100036621094 83.3399963378906 80.7600021362305 76.4400024414062 71.6500015258789 68.9100036621094 69.2600021362305 69.0899963378906 65.1999969482422 59.6199989318848 57.2599983215332 59.7000007629395 65.5100021362305 71.9800033569336 79.2399978637695 87.1800003051758 94.370002746582 100.059997558594 105.519996643066 110.059997558594 111.569999694824 109.470001220703 103.169998168945 94.849998474121 87.2099990844727 81.1399993896484 76.4499969482422 73.3199996948242 72.4100036621094 72.4166641235352 70.5555572509766 64.4722213745117 64.240737915039 -3.4e+38 -3.4e+38
90.5400009155273 88.879997253418 86.0500030517578 82.9400024414062 80.629997253418 79.9800033569336 79.9000015258789 79.0400009155273 77.0400009155273 75.379997253418 74.3000030517578 73.6999969482422 74.0699996948242 75.0400009155273 76.4599990844727 78.3600006103516 81.1500015258789 85.2300033569336 89.6600036621094 91.9899978637695 88.7200012207031 81.2900009155273 73.8199996948242 69.0400009155273 67.9400024414062 66.4499969482422 63.6800003051758 61.7599983215332 61.689998626709 63.6800003051758 68.1399993896484 74.5100021362305 81.5800018310547 89.0699996948242 96.1800003051758 101.669998168945 106.069999694824 108.589996337891 108.610000610352 105.879997253418 100.819999694824 94.5 88.4000015258789 83.5699996948242 80.3099975585938 77.7799987792969 76.3000030517578 75.8499984741211 74.7708358764648 70.638298034668 65.90625 60.7999992370605 53.3777770996094
91.9700012207031 90.9300003051758 88.4400024414062 85.8300018310547 83.8499984741211 82.7399978637695 82.5800018310547 81.4100036621094 78.5899963378906 76.129997253418 75 74.9199981689453 75.7300033569336 77.5599975585938 79.5 81.8300018310547 85.120002746582 89.7699966430664 94.9599990844727 97.849998474121 94.2300033569336 85.6999969482422 77.6500015258789 71.6699981689453 68.2600021362305 66.1900024414062 64.4700012207031 64.1699981689453 65.4899978637695 67.8099975585938 71.6699981689453 77.5400009155273 84.4000015258789 91.3899993896484 97.7300033569336 102.470001220703 106.199996948242 107.980003356934 106.830001831055 103.540000915527 98.75 93.1500015258789 88.6500015258789 85.3399963378906 83.2200012207031 81.9700012207031 80.4899978637695 78.4100036621094 75.75 72.25 67.8300018310547 62.8300018310547 56.810001373291
93.900001525879 93.0199966430664 91.0100021362305 88.9000015258789 87.1800003051758 85.7699966430664 84.4599990844727 82.7200012207031 79.7799987792969 76.7900009155273 75 75.7300033569336 77.5999984741211 79.9300003051758 82.4199981689453 84.8199996948242 88.1900024414062 92.2300033569336 96.0899963378906 97.3600006103516 94.2300033569336 87.9700012207031 80.8499984741211 74.7200012207031 70.2099990844727 67.1900024414062 66 66.6500015258789 68.8300018310547 71.7300033569336 75.5299987792969 80.6399993896484 86.2600021362305 92.2900009155273 97.8899993896484 102.430000305176 105.970001220703 107.069999694824 104.559997558594 100.660003662109 96.1600036621094 91.3600006103516 87.3199996948242 84.4899978637695 83.8399963378906 83.7699966430664 82.1500015258789 79.1500015258789 76.1900024414062 73.7200012207031 70.1600036621094 65.9700012207031 61.4500007629395
96.25 95.3399963378906 93.8399963378906 91.9000015258789 89.9400024414062 88 86.0400009155273 84.0400009155273 81.2600021362305 77.9100036621094 76.2200012207031 77.2399978637695 79.629997253418 82.0500030517578 84.5999984741211 87 90.0199966430664 93.120002746582 95.5299987792969 95.8899993896484 93.8199996948242 89.4199981689453 83.3499984741211 77.75 72.8399963378906 69.2200012207031 68.6699981689453 70.0599975585938 71.9599990844727 74.9100036621094 78.6999969482422 83.2799987792969 87.8099975585938 92.5599975585938 96.7799987792969 100.720001220703 103.559997558594 103.680000305176 101.160003662109 97.3000030517578 92.4000015258789 87.7799987792969 83.7600021362305 80.9499969482422 79.9400024414062 79.4599990844727 78.5699996948242 77.129997253418 76.7600021362305 75.7699966430664 72.5 67.8499984741211 64.9700012207031
97.9700012207031 97.400001525879 96.3099975585938 94.7399978637695 92.4300003051758 90 87.6999969482422 85.2300033569336 83.0699996948242 80.8600006103516 79.6100006103516 80.1600036621094 82.0400009155273 84.4899978637695 86.629997253418 89.0500030517578 91.6500015258789 93.7699966430664 95.4599990844727 95.599998474121 93.8399963378906 90.3300018310547 85.75 81.0699996948242 76.6800003051758 73.2699966430664 72.9300003051758 74 75.4899978637695 77.9599990844727 81.3399963378906 85.3499984741211 89.0699996948242 92.6100006103516 95.8099975585938 98.129997253418 99.9300003051758 99.7300033569336 97.2900009155273 93.4899978637695 88.5100021362305 83.4800033569336 79.2300033569336 76.1800003051758 73.8499984741211 72.7099990844727 72.879997253418 73.6100006103516 74.9400024414062 75.8499984741211 72.8899993896484 66.5800018310547 62.3899993896484
99.6999969482422 99.2399978637695 97.9700012207031 96.099998474121 94.0699996948242 91.9700012207031 89.8499984741211 87.4300003051758 85.3399963378906 84.129997253418 83.5 83.8499984741211 85 86.5999984741211 88.9000015258789 91.4100036621094 93.1999969482422 94.7600021362305 95.9700012207031 95.6900024414062 94.2200012207031 91.6900024414062 88.1399993896484 84.4000015258789 81.2099990844727 78.5500030517578 77.5599975585938 78.0400009155273 79.370002746582 81.4100036621094 83.9499969482422 87.0199966430664 90.0599975585938 92.7200012207031 94.5800018310547 96.0500030517578 97.2099990844727 96.5299987792969 94.1999969482422 90.7200012207031 85.8499984741211 80.0699996948242 74.7200012207031 70.5999984741211 67.6500015258789 65.9499969482422 66.7300033569336 68.9000015258789 71.5699996948242 73.8199996948242 73.1699981689453 67.2799987792969 59.5099983215332
100.529998779297 99.6900024414062 98.5599975585938 97.0800018310547 95.379997253418 93.5899963378906 91.1500015258789 89.0699996948242 87.4000015258789 86.4000015258789 85.9000015258789 86.2200012207031 87.1999969482422 88.5999984741211 90.6699981689453 92.7600021362305 94.620002746582 96.099998474121 96.8899993896484 96.5400009155273 95.5 93.629997253418 90.6500015258789 87.6100006103516 84.9599990844727 83.1500015258789 82.379997253418 82.3600006103516 82.9800033569336 84.4599990844727 86.4899978637695 88.6699981689453 90.8000030517578 92.4700012207031 93.5299987792969 94.5299987792969 94.8399963378906 93.8600006103516 91.9499969482422 88.6600036621094 83.9300003051758 78.3600006103516 72.629997253418 67.1999969482422 63.9700012207031 62.2900009155273 62.8600006103516 65.629997253418 68.1500015258789 69.5400009155273 68.8499984741211 64.8199996948242 57.2000007629395
101.419998168945 100.419998168945 99.129997253418 97.620002746582 96.1600036621094 94.5 92.5899963378906 90.4800033569336 89.3600006103516 88.4000015258789 87.9000015258789 88.2200012207031 89.1999969482422 90.5999984741211 92.5800018310547 94.1999969482422 95.4700012207031 96.5500030517578 97.349998474121 97.7699966430664 97.3600006103516 95.9499969482422 93.8000030517578 91.5699996948242 89.2099990844727 87.1900024414062 86.25 85.7799987792969 86.0899963378906 87.1399993896484 88.5800018310547 90.5 91.8399963378906 92.4000015258789 92.9499969482422 92.7600021362305 92.3899993896484 91.4700012207031 89.5299987792969 87.1100006103516 83.5699996948242 79.0899963378906 73.6699981689453 68.3399963378906 64.7300033569336 62.560001373291 62.3899993896484 63.5800018310547 64.8000030517578 65.3399963378906 64.2300033569336 61.0200004577637 55.1699981689453
101.599998474121 100.599998474121 99.5299987792969 98.400001525879 96.9499969482422 95.1399993896484 93.5599975585938 92.0199966430664 90.8600006103516 90.3300018310547 89.75 90.2099990844727 91.1999969482422 92.5800018310547 94.1900024414062 95.6399993896484 97.099998474121 97.7200012207031 98.3099975585938 98.9499969482422 98.9599990844727 98.3099975585938 96.4300003051758 94.0199966430664 92.3199996948242 90.7600021362305 89.5899963378906 89.1500015258789 89.0199966430664 89.6100006103516 90.25 91.370002746582 92.1999969482422 92.5199966430664 91.7900009155273 91.2300033569336 90.6600036621094 89.4199981689453 87.8300018310547 86.5599975585938 84.9899978637695 82.0599975585938 77.1800003051758 71.5699996948242 67.0999984741211 64.0400009155273 62.6800003051758 62.2299995422363 62 61.189998626709 60.1199989318848 58.7000007629395 54.2700004577637
101.660003662109 100.629997253418 99.599998474121 98.3399963378906 96.6900024414062 95.5299987792969 94.4899978637695 93.4599990844727 92.4899978637695 91.5999984741211 91.370002746582 92.1999969482422 93.1999969482422 94.25 95.3000030517578 96.6900024414062 97.9700012207031 98.349998474121 99.3099975585938 100.269996643066 100.690002441406 100.019996643066 98.120002746582 96.3399963378906 94.8899993896484 93.3399963378906 92.2900009155273 91.7900009155273 91.370002746582 91.3399963378906 91.7200012207031 91.9800033569336 92 92.0199966430664 91.2200012207031 89.7300033569336 88.7699966430664 87.6699981689453 86.620002746582 85.9499969482422 86.0599975585938 85 80.5100021362305 74.2200012207031 69.2399978637695 65.6600036621094 63.439998626709 62.0699996948242 60.2799987792969 58.439998626709 56.8899993896484 55.7400016784668 51.7400016784668
102 101.010002136230 99.5699996948242 98.1800003051758 96.5299987792969 95.5400009155273 95 94.7699966430664 94.349998474121 93.7900009155273 93.8199996948242 94.3000030517578 95.1900024414062 95.7200012207031 96.3099975585938 97.379997253418 98.2900009155273 99.2799987792969 100.220001220703 101.220001220703 101.900001525879 101.400001525879 99.9199981689453 98.2699966430664 96.900001525879 95.3300018310547 94.3600006103516 93.7799987792969 93.3600006103516 92.8099975585938 92.9000015258789 92.5299987792969 92 91.7099990844727 90.2900009155273 88.3600006103516 86.5500030517578 85.0400009155273 84.2399978637695 84.5199966430664 85.120002746582 84.3199996948242 80.5999984741211 75.2399978637695 71.0500030517578 67.120002746582 63.7799987792969 61.0099983215332 58.4599990844727 56.0299987792969 53.4900016784668 50.9300003051758 46.2700004577637
102.209999084473 100.660003662109 99.1999969482422 97.2399978637695 95.7399978637695 95.0199966430664 95 95 95.2399978637695 96.0899963378906 96.9800033569336 97.1100006103516 96.7300033569336 96.900001525879 97.2200012207031 97.9800033569336 98.6999969482422 99.9700012207031 100.400001525879 101.400001525879 102 102 101.069999694824 99.1600036621094 97.650001525879 96.5899963378906 95.849998474121 95.4199981689453 94.7699966430664 94.3899993896484 93.900001525879 93.4199981689453 92.4400024414062 91.3399963378906 89.4199981689453 87.4199981689453 85.4199981689453 83.1600036621094 81.879997253418 82.6399993896484 83.1900024414062 82.3600006103516 79.4599990844727 75.2799987792969 71.3199996948242 67.370002746582 63.7400016784668 60.3199996948242 56.9099998474121 53.5699996948242 49.7900009155273 45.9599990844727 41.0699996948242
102.069999694824 100.059997558594 97.8300018310547 95.7399978637695 94.650001525879 94 94 94.4400024414062 95.620002746582 97.75 99.0199966430664 98.349998474121 97.379997253418 97 97.3399963378906 98.1900024414062 98.9899978637695 99.4800033569336 100.370002746582 101.339996337891 102 102 101.589996337891 100.129997253418 98.8600006103516 98.2699966430664 97.3899993896484 96.5100021362305 95.5599975585938 95.0800018310547 94.5299987792969 93.6900024414062 92.6900024414062 91.3399963378906 89.3399963378906 87.3099975585938 85.3000030517578 83.1500015258789 81.5899963378906 81.2300033569336 80.9599990844727 79.9499969482422 77.6900024414062 74.0800018310547 70.5500030517578 66.8899993896484 63.0499992370605 58.9900016784668 55.1199989318848 50.3400001525879 45.7999992370605 41.4700012207031 36.5400009155273
99.8199996948242 97.4800033569336 95.4300003051758 93.7300033569336 92.7300033569336 92.1999969482422 92.1999969482422 92.9199981689453 94.7399978637695 96.4599990844727 97.5599975585938 97.6100006103516 96.9199981689453 96.900001525879 96.9300003051758 97.5299987792969 98.099998474121 98.5699996948242 99.870002746582 101 101.5 102 102 101.400001525879 100.419998168945 99.150001525879 98 97.4800033569336 96.7699966430664 96.3300018310547 95.4199981689453 94.4800033569336 93.4499969482422 92.0500030517578 90.0800018310547 87.8000030517578 85.3899993896484 83.3399963378906 81.629997253418 80.7099990844727 79.7300033569336 78.370002746582 76.4400024414062 73.4599990844727 69.9300003051758 66.3399963378906 61.9900016784668 57.3300018310547 52.5900001525879 46.810001373291 41.7799987792969 37.7700004577637 33.7700004577637
95.1800003051758 93.9400024414062 92.4700012207031 90.9400024414062 89.879997253418 89.1999969482422 89.5500030517578 90.5299987792969 92.0800018310547 93.6699981689453 94.7200012207031 95.2399978637695 95.2900009155273 95.3000030517578 95.5599975585938 96.4800033569336 97.0199966430664 97.849998474121 99.349998474121 100.419998168945 101 101.099998474121 101.5 102 101.360000610352 100.089996337891 98.6100006103516 98.0800018310547 97.4700012207031 96.6600036621094 95.6900024414062 95 94.129997253418 92.3399963378906 90.620002746582 89.0400009155273 86.5899963378906 84.0999984741211 82.0800018310547 80.2399978637695 78.8099975585938 77.6800003051758 76.3000030517578 73.7099990844727 69.9700012207031 65.2399978637695 59.9799995422363 54.0999984741211 48.0800018310547 41.939998626709 37.2000007629395 34.5400009155273 32.1100006103516
90.5599975585938 90.0899963378906 89.0699996948242 88.0100021362305 86.620002746582 85.5100021362305 85.8899993896484 87.1699981689453 88.7099990844727 90.1399993896484 91.6399993896484 92.5500030517578 93.1500015258789 93.2900009155273 93.9499969482422 95.1399993896484 95.599998474121 96.879997253418 98.1699981689453 99.0299987792969 100.480003356934 101 101 101.099998474121 101.019996643066 100.910003662109 100.239997863770 99.3300018310547 98.150001525879 97.0800018310547 96.5100021362305 95.5299987792969 94.620002746582 93.129997253418 91.5599975585938 90.120002746582 87.7900009155273 85.1800003051758 82.5500030517578 79.7799987792969 78.7099990844727 77.7600021362305 76.4400024414062 74.0199966430664 70.1399993896484 65.120002746582 59.3199996948242 51.7999992370605 43.0999984741211 35.3699989318848 31.5900001525879 31.8299999237061 31.7299995422363
86.9100036621094 87 86.3899993896484 85.8000030517578 84.4199981689453 82.9700012207031 82.8899993896484 83.9100036621094 84.9400024414062 86.3199996948242 87.8300018310547 88.879997253418 90.1600036621094 91.1800003051758 91.9899978637695 93.4599990844727 94.4400024414062 95.5299987792969 96.9300003051758 98.3399963378906 99.5199966430664 100.489997863770 101 101 101.199996948242 101.379997253418 100.599998474121 99.599998474121 98.9100036621094 98.3300018310547 97.4199981689453 96.4800033569336 95.5100021362305 94.4300003051758 93.0199966430664 91.5100021362305 89.629997253418 87.0800018310547 84.3199996948242 80.9100036621094 79.5500030517578 79.5 78.4700012207031 76.1800003051758 71.9199981689453 66.4599990844727 59.7599983215332 51.4300003051758 40.3300018310547 29.3799991607666 26.0400009155273 30.4200000762939 32.75
85.2200012207031 85.2699966430664 84.7600021362305 83.9599990844727 82.9000015258789 81.8099975585938 81.5400009155273 82.2300033569336 82.4100036621094 82.9100036621094 84.2399978637695 85.7200012207031 87.1100006103516 88.629997253418 89.5899963378906 91.0400009155273 92.5500030517578 93.9300003051758 95.5199966430664 97.0100021362305 98.5199966430664 99.5699996948242 100.559997558594 101 101 101.019996643066 100.529998779297 99.5400009155273 99 98.599998474121 97.6600036621094 97 96.4800033569336 95.5100021362305 94.4599990844727 93.4000015258789 91.9499969482422 89.9199981689453 87.5100021362305 84.870002746582 83.1500015258789 82.5800018310547 81.8300018310547 79.5299987792969 75.2699966430664 68.5800018310547 60.7299995422363 52.0299987792969 40.810001373291 27.4699993133545 24.0799999237061 31.6000003814697 33.8300018310547
85.1600036621094 84.7699966430664 84.0199966430664 83.5299987792969 82.5400009155273 81.6600036621094 81 81.0999984741211 81.0500030517578 81.129997253418 81.6699981689453 82.8000030517578 84.1100006103516 85.6699981689453 86.75 88.1800003051758 90.1100006103516 92 93.9300003051758 95.8199996948242 97.4599990844727 98.8199996948242 100.269996643066 101 101 100.639999389648 99.650001525879 99.0199966430664 99 98.5400009155273 98 97.5 97 96.5400009155273 95.9700012207031 95.400001525879 94.3399963378906 93.129997253418 91.8899993896484 89.8899993896484 86.7099990844727 84.7200012207031 85.1100006103516 84.3099975585938 79.379997253418 70.7799987792969 62.0699996948242 55.439998626709 46.4099998474121 34.3699989318848 28.9300003051758 30.8700008392334 33.189998626709
87.0800018310547 85.1999969482422 83.8300018310547 82.8899993896484 82.0199966430664 82 81.5299987792969 80.7099990844727 79.6100006103516 79.120002746582 79.5400009155273 80.5299987792969 81.2799987792969 82.2600021362305 84.0899963378906 85.9199981689453 87.9199981689453 89.9499969482422 92 94 95.9300003051758 97.4899978637695 98.9100036621094 99.879997253418 99.900001525879 99.2399978637695 98.2799987792969 98.099998474121 98.099998474121 98.0199966430664 98 98 97.900001525879 97.7699966430664 97.6999969482422 97.3300018310547 96.3300018310547 95.3300018310547 94.2399978637695 91.7300033569336 87.3199996948242 85.5800018310547 88.0199966430664 89.25 83.6399993896484 72.8899993896484 63.5 57.6699981689453 50.2799987792969 40.7799987792969 34.6500015258789 33.4500007629395 34.2599983215332
