pkg/rmaxent/inst/layers/pre6190_l1.asc
NCOLS 122 
NROWS 160 
XLLCORNER -94.8 
YLLCORNER -56.45 
CELLSIZE 0.5 
NODATA_value -3.4e+38 
[rows 24 to 47 of 160, columns 53 to 105 of 122]
-3.4e+38 -3.4e+38 -3.4e+38 13 13 -3.4e+38 -3.4e+38 -3.4e+38 16.8333339691162 17 -3.4e+38 -3.4e+38 -3.4e+38 -3.4e+38 30.7222213745117 31 -3.4e+38 -3.4e+38 -3.4e+38 -3.4e+38 -3.4e+38 -3.4e+38 -3.4e+38 -3.4e+38 -3.4e+38 -3.4e+38 -3.4e+38 -3.4e+38 -3.4e+38 -3.4e+38 -3.4e+38 -3.4e+38 -3.4e+38 -3.4e+38 -3.4e+38 -3.4e+38 -3.4e+38 -3.4e+38 -3.4e+38 -3.4e+38 -3.4e+38 -3.4e+38 -3.4e+38 -3.4e+38 -3.4e+38 -3.4e+38 -3.4e+38 -3.4e+38 -3.4e+38 -3.4e+38 -3.4e+38 -3.4e+38 -3.4e+38
12.7333335876465 7.08888912200928 10.0111112594604 12.9444446563721 12.5 -3.4e+38 -3.4e+38 12.6944446563721 14.2765960693359 17.8125 20.4555549621582 20.9666671752930 22 21.7777786254883 22.1724128723145 31 -3.4e+38 -3.4e+38 -3.4e+38 -3.4e+38 -3.4e+38 -3.4e+38 -3.4e+38 -3.4e+38 -3.4e+38 -3.4e+38 -3.4e+38 -3.4e+38 -3.4e+38 -3.4e+38 -3.4e+38 -3.4e+38 -3.4e+38 -3.4e+38 -3.4e+38 -3.4e+38 -3.4e+38 -3.4e+38 -3.4e+38 -3.4e+38 -3.4e+38 -3.4e+38 -3.4e+38 -3.4e+38 -3.4e+38 -3.4e+38 -3.4e+38 -3.4e+38 -3.4e+38 -3.4e+38 -3.4e+38 -3.4e+38 -3.4e+38
5.40000009536743 4.05999994277954 6.6399998664856 14.1499996185303 24.1145839691162 17.2222213745117 7.08888912200928 8.70212745666504 12.6499996185303 19.7299995422363 23.8799991607666 22.46875 22.2173919677734 23.5100002288818 25.2666664123535 -3.4e+38 -3.4e+38 -3.4e+38 -3.4e+38 -3.4e+38 -3.4e+38 -3.4e+38 -3.4e+38 -3.4e+38 -3.4e+38 -3.4e+38 -3.4e+38 -3.4e+38 -3.4e+38 -3.4e+38 -3.4e+38 -3.4e+38 -3.4e+38 -3.4e+38 -3.4e+38 -3.4e+38 -3.4e+38 -3.4e+38 -3.4e+38 -3.4e+38 -3.4e+38 -3.4e+38 -3.4e+38 -3.4e+38 -3.4e+38 -3.4e+38 -3.4e+38 -3.4e+38 -3.4e+38 -3.4e+38 -3.4e+38 -3.4e+38 -3.4e+38
2.09999990463257 1.29999995231628 4.23000001907349 10.9200000762939 15.0200004577637 8.3100004196167 3.90000009536743 5.19000005722046 8.34000015258789 14.6000003814697 20.5200004577637 23.6979160308838 24.680850982666 26.4400005340576 27.8999996185303 -3.4e+38 -3.4e+38 -3.4e+38 -3.4e+38 -3.4e+38 -3.4e+38 -3.4e+38 -3.4e+38 -3.4e+38 -3.4e+38 -3.4e+38 -3.4e+38 -3.4e+38 -3.4e+38 -3.4e+38 -3.4e+38 -3.4e+38 -3.4e+38 -3.4e+38 -3.4e+38 -3.4e+38 -3.4e+38 -3.4e+38 -3.4e+38 -3.4e+38 -3.4e+38 -3.4e+38 -3.4e+38 -3.4e+38 -3.4e+38 -3.4e+38 -3.4e+38 -3.4e+38 -3.4e+38 -3.4e+38 -3.4e+38 -3.4e+38 -3.4e+38
1.12999999523163 1 2.39000010490417 5.84999990463257 6.80000019073486 4.86999988555908 4.55000019073486 4.36999988555908 6.69999980926514 11.25 16.4300003051758 21.7900009155273 26.2999992370605 28.6100006103516 31.9166660308838 37.3703689575195 -3.4e+38 -3.4e+38 -3.4e+38 -3.4e+38 -3.4e+38 -3.4e+38 -3.4e+38 -3.4e+38 -3.4e+38 -3.4e+38 -3.4e+38 -3.4e+38 -3.4e+38 -3.4e+38 -3.4e+38 -3.4e+38 -3.4e+38 -3.4e+38 -3.4e+38 -3.4e+38 -3.4e+38 -3.4e+38 -3.4e+38 -3.4e+38 -3.4e+38 -3.4e+38 -3.4e+38 -3.4e+38 -3.4e+38 -3.4e+38 -3.4e+38 -3.4e+38 -3.4e+38 -3.4e+38 -3.4e+38 -3.4e+38 -3.4e+38
1 0.680000007152557 0.649999976158142 1.96000003814697 2.60999989509583 2.71000003814697 3.28999996185303 3.84999990463257 5.84999990463257 8.97000026702881 13.3500003814697 19.9200000762939 26.4699993133545 28.2800006866455 31.9699993133545 40.9270820617676 45.7407417297363 -3.4e+38 -3.4e+38 -3.4e+38 -3.4e+38 -3.4e+38 -3.4e+38 -3.4e+38 -3.4e+38 -3.4e+38 -3.4e+38 -3.4e+38 -3.4e+38 -3.4e+38 -3.4e+38 -3.4e+38 -3.4e+38 -3.4e+38 -3.4e+38 -3.4e+38 -3.4e+38 -3.4e+38 -3.4e+38 -3.4e+38 -3.4e+38 -3.4e+38 -3.4e+38 -3.4e+38 -3.4e+38 -3.4e+38 -3.4e+38 -3.4e+38 -3.4e+38 -3.4e+38 -3.4e+38 -3.4e+38 -3.4e+38
0.100000001490116 0.0199999995529652 0 0.340000003576279 0.949999988079071 1.52999997138977 1.96000003814697 3.1800000667572 5.1100001335144 7.78000020980835 11.4200000762939 16.0300006866455 21.2000007629395 24.25 26.0300006866455 28.9300003051758 29.1666660308838 43.1777763366699 66.3703689575195 -3.4e+38 -3.4e+38 -3.4e+38 -3.4e+38 -3.4e+38 -3.4e+38 -3.4e+38 -3.4e+38 -3.4e+38 -3.4e+38 -3.4e+38 -3.4e+38 -3.4e+38 -3.4e+38 -3.4e+38 -3.4e+38 -3.4e+38 -3.4e+38 -3.4e+38 -3.4e+38 -3.4e+38 -3.4e+38 -3.4e+38 -3.4e+38 -3.4e+38 -3.4e+38 -3.4e+38 -3.4e+38 -3.4e+38 -3.4e+38 -3.4e+38 -3.4e+38 -3.4e+38 -3.4e+38
0.439999997615814 0 0.289999991655350 1.55999994277954 3.30999994277954 4.51000022888184 4.63999986648560 4.92999982833862 6.48000001907349 10.2899999618530 14.2100000381470 16.2600002288818 19.1299991607666 26.3099994659424 35.7599983215332 46.5499992370605 56.1300010681152 65.9100036621094 72.8125 73.4074096679688 -3.4e+38 -3.4e+38 -3.4e+38 -3.4e+38 -3.4e+38 -3.4e+38 -3.4e+38 -3.4e+38 -3.4e+38 -3.4e+38 -3.4e+38 -3.4e+38 -3.4e+38 -3.4e+38 -3.4e+38 -3.4e+38 -3.4e+38 -3.4e+38 -3.4e+38 -3.4e+38 -3.4e+38 -3.4e+38 -3.4e+38 -3.4e+38 -3.4e+38 -3.4e+38 -3.4e+38 -3.4e+38 -3.4e+38 -3.4e+38 -3.4e+38 -3.4e+38 -3.4e+38
0.689999997615814 0 0.77999997138977 2.72000002861023 5.09000015258789 7.38000011444092 8.48999977111816 8.5 8.80000019073486 10.4099998474121 13.4899997711182 16.2399997711182 19.8600006103516 27.2600002288818 38.4599990844727 51.4000015258789 63.4300003051758 71.629997253418 75.7099990844727 77.90625 79.7962951660156 -3.4e+38 -3.4e+38 -3.4e+38 -3.4e+38 -3.4e+38 -3.4e+38 -3.4e+38 -3.4e+38 -3.4e+38 -3.4e+38 -3.4e+38 -3.4e+38 -3.4e+38 -3.4e+38 -3.4e+38 -3.4e+38 -3.4e+38 -3.4e+38 -3.4e+38 -3.4e+38 -3.4e+38 -3.4e+38 -3.4e+38 -3.4e+38 -3.4e+38 -3.4e+38 -3.4e+38 -3.4e+38 -3.4e+38 -3.4e+38 -3.4e+38 -3.4e+38
1.6599999666214 1.10000002384186 1.83000004291534 4.17000007629395 6.69999980926514 9.17000007629395 11.1499996185303 11.6999998092651 11.3699998855591 11.0799999237061 12.5600004196167 15.6800003051758 20.6100006103516 28.6599998474121 39.560001373291 52.0499992370605 64.3399963378906 73.6699981689453 78.8199996948242 82.8499984741211 84.6458358764648 82.1481475830078 -3.4e+38 -3.4e+38 -3.4e+38 -3.4e+38 -3.4e+38 -3.4e+38 -3.4e+38 -3.4e+38 -3.4e+38 -3.4e+38 -3.4e+38 -3.4e+38 -3.4e+38 -3.4e+38 -3.4e+38 -3.4e+38 -3.4e+38 -3.4e+38 -3.4e+38 -3.4e+38 -3.4e+38 -3.4e+38 -3.4e+38 -3.4e+38 -3.4e+38 -3.4e+38 -3.4e+38 -3.4e+38 -3.4e+38 -3.4e+38 -3.4e+38
4.38999986648560 3.51999998092651 4.13999986648560 6.67999982833862 9.10999965667725 11.5299997329712 13.5299997329712 14.6800003051758 14.25 13.6999998092651 14.1700000762939 15.8199996948242 20.2000007629395 28.6700000762939 39.2799987792969 52.2700004577637 66.6600036621094 77.620002746582 80.120002746582 75.4000015258789 72.8600006103516 76.375 82.1296310424805 -3.4e+38 -3.4e+38 -3.4e+38 -3.4e+38 -3.4e+38 -3.4e+38 -3.4e+38 -3.4e+38 -3.4e+38 -3.4e+38 -3.4e+38 -3.4e+38 -3.4e+38 -3.4e+38 -3.4e+38 -3.4e+38 -3.4e+38 -3.4e+38 -3.4e+38 -3.4e+38 -3.4e+38 -3.4e+38 -3.4e+38 -3.4e+38 -3.4e+38 -3.4e+38 -3.4e+38 -3.4e+38 -3.4e+38 -3.4e+38
8.5 8.02000045776367 8.36999988555908 10.7600002288818 12.9300003051758 14.2600002288818 15.6999998092651 17.1100006103516 16.8700008392334 15.9099998474121 15.6400003433228 16.2399997711182 19.2000007629395 25.4799995422363 36.310001373291 50.3600006103516 66.4700012207031 83.0500030517578 89.2300033569336 81.7900009155273 73.0800018310547 69.1999969482422 64.875 59.6666679382324 61.2333335876465 64.7777786254883 67.0777740478516 72.7444458007812 75.566665649414 76.6481475830078 -3.4e+38 -3.4e+38 -3.4e+38 -3.4e+38 -3.4e+38 -3.4e+38 -3.4e+38 -3.4e+38 -3.4e+38 -3.4e+38 -3.4e+38 -3.4e+38 -3.4e+38 -3.4e+38 -3.4e+38 -3.4e+38 -3.4e+38 -3.4e+38 -3.4e+38 -3.4e+38 -3.4e+38 -3.4e+38 -3.4e+38
12.6599998474121 12.6000003814697 13.2799997329712 15 16.5900001525879 18 18.75 19 18.9099998474121 18.7000007629395 18.8899993896484 19.7299995422363 21.6599998474121 25.3400001525879 32.3499984741211 44.3199996948242 60.310001373291 80.8199996948242 93.9400024414062 87.6699981689453 75.6600036621094 67.6500015258789 63.7400016784668 63.6199989318848 65.6900024414062 67.1800003051758 69.7900009155273 74.2600021362305 77.4300003051758 86.0833358764648 100.466667175293 108.111114501953 -3.4e+38 -3.4e+38 -3.4e+38 -3.4e+38 -3.4e+38 -3.4e+38 -3.4e+38 -3.4e+38 -3.4e+38 -3.4e+38 -3.4e+38 -3.4e+38 -3.4e+38 -3.4e+38 -3.4e+38 -3.4e+38 -3.4e+38 -3.4e+38 -3.4e+38 -3.4e+38 -3.4e+38
17.0100002288818 17.5 18.0499992370605 19.4500007629395 20.9300003051758 22 22.5799999237061 22.2099990844727 21.7000007629395 21.2900009155273 21.2099990844727 21.9500007629395 23.2800006866455 24.5400009155273 27.4300003051758 37.25 51.8300018310547 67.8000030517578 78.5100021362305 77.9700012207031 71.6900024414062 66.9800033569336 67.0500030517578 71.0899963378906 74.7399978637695 75.2399978637695 75.1399993896484 76.7300033569336 81.4300003051758 91.6800003051758 106.330001831055 120.447914123535 129.577774047852 131.555557250977 -3.4e+38 -3.4e+38 -3.4e+38 -3.4e+38 -3.4e+38 -3.4e+38 -3.4e+38 -3.4e+38 -3.4e+38 -3.4e+38 -3.4e+38 -3.4e+38 -3.4e+38 -3.4e+38 -3.4e+38 -3.4e+38 -3.4e+38 -3.4e+38 -3.4e+38
21.8700008392334 22.8400001525879 23.8299999237061 24.9400005340576 25.6499996185303 26.1399993896484 26.3600006103516 25.4200000762939 24.4200000762939 23.4500007629395 22.7800006866455 22.25 21.4699993133545 21.4699993133545 22.9799995422363 29.2700004577637 39.2299995422363 49.9599990844727 58.6500015258789 62.189998626709 62.3699989318848 63.6199989318848 68.8399963378906 77.5100021362305 83.4000015258789 81.8199996948242 78.2699966430664 77.75 82.5999984741211 93.7200012207031 107 118.779998779297 124.629997253418 129.333328247070 136.666671752930 -3.4e+38 -3.4e+38 -3.4e+38 -3.4e+38 -3.4e+38 -3.4e+38 -3.4e+38 -3.4e+38 -3.4e+38 -3.4e+38 -3.4e+38 -3.4e+38 -3.4e+38 -3.4e+38 -3.4e+38 -3.4e+38 -3.4e+38 -3.4e+38
27.1200008392334 28.4500007629395 30.2099990844727 31.3099994659424 31.4899997711182 31.4599990844727 31.0499992370605 29.6299991607666 27.8199996948242 25.9400005340576 24.1200008392334 22.3500003814697 20.3199996948242 18.9099998474121 18.5 20.3400001525879 25.2700004577637 32.8899993896484 41.4199981689453 47.7900009155273 51.7700004577637 56.0999984741211 64.629997253418 76.9300003051758 83.9300003051758 82.1600036621094 77.8300018310547 77.620002746582 82.2099990844727 92.0299987792969 103.730003356934 113.400001525879 119.120002746582 122.180000305176 123.5 -3.4e+38 -3.4e+38 -3.4e+38 -3.4e+38 -3.4e+38 -3.4e+38 -3.4e+38 -3.4e+38 -3.4e+38 -3.4e+38 -3.4e+38 -3.4e+38 -3.4e+38 -3.4e+38 -3.4e+38 -3.4e+38 -3.4e+38 -3.4e+38
34.7599983215332 36.1199989318848 37.3400001525879 37.8400001525879 37.9700012207031 37.0999984741211 35.8199996948242 33.5 30.9899997711182 28.6299991607666 26.0499992370605 23.3600006103516 20.0300006866455 17.1299991607666 14.4399995803833 13.2100000381470 15.2899999618530 21.4799995422363 30.1900005340576 37.4099998474121 42.2700004577637 46.9199981689453 54.6699981689453 65.3499984741211 71.0699996948242 71.9899978637695 72.3099975585938 74.9300003051758 80.4300003051758 89.3600006103516 99.5 107.980003356934 113.669998168945 116.910003662109 117.699996948242 -3.4e+38 -3.4e+38 -3.4e+38 -3.4e+38 -3.4e+38 -3.4e+38 -3.4e+38 -3.4e+38 -3.4e+38 -3.4e+38 -3.4e+38 -3.4e+38 -3.4e+38 -3.4e+38 -3.4e+38 -3.4e+38 -3.4e+38 -3.4e+38
44.310001373291 45.0400009155273 45.2000007629395 45.2700004577637 44.810001373291 43.4000015258789 41.189998626709 37.9799995422363 34.8800010681152 32.0900001525879 28.7000007629395 25.3600006103516 21.4400005340576 17.2700004577637 12.9799995422363 11.0699996948242 13.1499996185303 18.4099998474121 25.5599994659424 31.8299999237061 36.4599990844727 40.8600006103516 45.7900009155273 50.5200004577637 53.8400001525879 58.2900009155273 64.8199996948242 71.1900024414062 78.3199996948242 86.7600021362305 95.5699996948242 102.989997863770 108.620002746582 113.050003051758 119.375 126.666664123535 -3.4e+38 -3.4e+38 -3.4e+38 -3.4e+38 -3.4e+38 -3.4e+38 -3.4e+38 -3.4e+38 -3.4e+38 -3.4e+38 -3.4e+38 -3.4e+38 -3.4e+38 -3.4e+38 -3.4e+38 -3.4e+38 -3.4e+38
53.5900001525879 54.0900001525879 53.75 52.8300018310547 51.25 48.7999992370605 46.2700004577637 42.9000015258789 39.3699989318848 36.3800010681152 32.9000015258789 29.0200004577637 25.0400009155273 20.7199993133545 16.5900001525879 15.0399999618530 16.8999996185303 20.7999992370605 25.7299995422363 30.3600006103516 34.5099983215332 37.6800003051758 40.6199989318848 42.2700004577637 43.9700012207031 49.8699989318848 59.3400001525879 67.6100006103516 75.5 83.5599975585938 91.6800003051758 98.8600006103516 104.809997558594 109.889999389648 113.629997253418 117.947914123535 122.314811706543 -3.4e+38 -3.4e+38 -3.4e+38 -3.4e+38 -3.4e+38 -3.4e+38 -3.4e+38 -3.4e+38 -3.4e+38 -3.4e+38 -3.4e+38 -3.4e+38 -3.4e+38 -3.4e+38 -3.4e+38 -3.4e+38
63.5 63.4099998474121 62.2900009155273 60.3899993896484 57.9099998474121 54.5699996948242 51.189998626709 47.9199981689453 44.3300018310547 41 37.1599998474121 33.4700012207031 29.7099990844727 25.8099994659424 23.0900001525879 21.7299995422363 23.1499996185303 25.3700008392334 28.4200000762939 32.0900001525879 34.9500007629395 37.4599990844727 39.6599998474121 41.060001373291 43.6100006103516 48.9300003051758 56.6800003051758 64.629997253418 72.5999984741211 80.5500030517578 88.4700012207031 95.650001525879 101.699996948242 106.910003662109 110.430000305176 113.190002441406 114.599998474121 -3.4e+38 -3.4e+38 -3.4e+38 -3.4e+38 -3.4e+38 -3.4e+38 -3.4e+38 -3.4e+38 -3.4e+38 -3.4e+38 -3.4e+38 -3.4e+38 -3.4e+38 -3.4e+38 -3.4e+38 -3.4e+38
73.4700012207031 72.370002746582 70.4000015258789 67.3300018310547 63.1399993896484 58.8800010681152 55.5099983215332 53.310001373291 49.8800010681152 46.2799987792969 42.7599983215332 38.9099998474121 35.310001373291 32.1800003051758 29.9400005340576 29.1700000762939 29.75 30.9200000762939 32.8699989318848 35.560001373291 37.939998626709 40.1399993896484 41.689998626709 43.5800018310547 46.3600006103516 50.75 56.4199981689453 63.0400009155273 70.4199981689453 77.9899978637695 85.1900024414062 92.2300033569336 98.7799987792969 104.330001831055 108.459999084473 111.919998168945 114.400001525879 -3.4e+38 -3.4e+38 -3.4e+38 -3.4e+38 -3.4e+38 -3.4e+38 -3.4e+38 -3.4e+38 -3.4e+38 -3.4e+38 -3.4e+38 -3.4e+38 -3.4e+38 -3.4e+38 -3.4e+38 -3.4e+38
82.9400024414062 81.1100006103516 78.4100036621094 74.4800033569336 69.4499969482422 64.7099990844727 61.9599990844727 59.1100006103516 55.7400016784668 51.7999992370605 48.2599983215332 45.1100006103516 42.0299987792969 39.0900001525879 36.9700012207031 36.4000015258789 36.4099998474121 37.2099990844727 38.7599983215332 40.3800010681152 42.4199981689453 44.060001373291 45.4799995422363 47.4199981689453 49.5699996948242 52.6199989318848 57 62.4500007629395 68.5999984741211 75.1100006103516 82.0400009155273 89.4000015258789 96.4700012207031 102.540000915527 107.230003356934 109.650001525879 110.733329772949 -3.4e+38 -3.4e+38 -3.4e+38 -3.4e+38 -3.4e+38 -3.4e+38 -3.4e+38 -3.4e+38 -3.4e+38 -3.4e+38 -3.4e+38 -3.4e+38 -3.4e+38 -3.4e+38 -3.4e+38 -3.4e+38
90.0699996948242 87.9000015258789 84.629997253418 80.1900024414062 75.5400009155273 71.370002746582 67.7200012207031 64.1999969482422 60.8400001525879 56.9199981689453 53.689998626709 51.2000007629395 48.2200012207031 45.9099998474121 44.6800003051758 43.7700004577637 43.6100006103516 44.3199996948242 44.9099998474121 46.2599983215332 47.8899993896484 48.9300003051758 49.9599990844727 51.4799995422363 53.3699989318848 55.4500007629395 58.1199989318848 62.0400009155273 67.0500030517578 72.2799987792969 78.5699996948242 86.0400009155273 93.0500030517578 100.120002746582 105.190002441406 106.980003356934 109.302085876465 111.277778625488 -3.4e+38 -3.4e+38 -3.4e+38 -3.4e+38 -3.4e+38 -3.4e+38 -3.4e+38 -3.4e+38 -3.4e+38 -3.4e+38 -3.4e+38 -3.4e+38 -3.4e+38 -3.4e+38 -3.4e+38
92.6999969482422 91.5100021362305 88.3600006103516 83.8300018310547 79.4100036621094 75.3199996948242 71.879997253418 68.3300018310547 65.3000030517578 62.1699981689453 59.5200004577637 57.1100006103516 54.4900016784668 52.5200004577637 51.3699989318848 50.8400001525879 50.6800003051758 51.5999984741211 52.1699981689453 52.7700004577637 53.8499984741211 54.439998626709 54.8699989318848 55.9300003051758 57.060001373291 58.2299995422363 59.6599998474121 61.75 64.8600006103516 69.2699966430664 74.7900009155273 81.4199981689453 88.4100036621094 95.120002746582 100.069999694824 103.660003662109 108.879997253418 115.40625 122.244445800781 121.233329772949 114.888885498047 -3.4e+38 -3.4e+38 -3.4e+38 -3.4e+38 -3.4e+38 -3.4e+38 -3.4e+38 -3.4e+38 -3.4e+38 -3.4e+38 -3.4e+38 -3.4e+38
