pkg/rmaxent/inst/layers/pre6190_l1.asc
NCOLS 122 
NROWS 160 
XLLCORNER -94.8 
YLLCORNER -56.45 
CELLSIZE 0.5 
NODATA_value -3.4e+38 
[rows 72 to 95 of 160, columns 53 to 105 of 122]
90.5999984741211 86.6699981689453 84.5299987792969 83.4499969482422 82.4400024414062 82.1999969482422 82.3600006103516 80.3000030517578 77.0500030517578 75.870002746582 76.7300033569336 77.7300033569336 78.6399993896484 79.9300003051758 81.6100006103516 83.1800003051758 85.1600036621094 87.3899993896484 89.879997253418 91.9199981689453 93.9199981689453 95.5199966430664 96.5899963378906 97.599998474121 97.7699966430664 97.1800003051758 96.900001525879 96.9899978637695 97.0299987792969 97.4899978637695 98 98.2600021362305 98.900001525879 98.9499969482422 99.0899963378906 98.5800018310547 97.5800018310547 96.5500030517578 94.849998474121 91.2600021362305 86.8399963378906 85.6100006103516 88.629997253418 90.0599975585938 84.4700012207031 74.3000030517578 64.9499969482422 58.1100006103516 50.9000015258789 43.4500007629395 38.3800010681152 36.5099983215332 34.7200012207031
93.629997253418 88.2399978637695 85.5500030517578 84.1800003051758 82.6800003051758 82 82.0199966430664 79.1600036621094 74.4000015258789 73.4700012207031 73.9000015258789 74.8399963378906 75.8000030517578 77.1600036621094 79.0299987792969 80.9199981689453 82.5800018310547 84.2099990844727 86.6600036621094 89.0999984741211 91.0800018310547 92.6699981689453 93.6800003051758 94.3399963378906 94.7099990844727 94.7399978637695 94.6399993896484 95.1900024414062 95.5199966430664 96.4700012207031 97.4899978637695 98.370002746582 99.2600021362305 100.180000305176 100.690002441406 100.360000610352 99.400001525879 98.0400009155273 95.7099990844727 92.25 88.9000015258789 88.0299987792969 88.9300003051758 88.1500015258789 83.129997253418 74.4499969482422 65.379997253418 57.8300018310547 51.5800018310547 45.7200012207031 41.1800003051758 38.1800003051758 36.1800003051758
93.3499984741211 89.2799987792969 87.0100021362305 85.6600036621094 84.0299987792969 82.8000030517578 82.9100036621094 80.2699966430664 76.120002746582 74.0899963378906 73 73.120002746582 73.5299987792969 74.620002746582 76.1600036621094 78.0999984741211 79.75 81.4800033569336 83.9899978637695 86.0999984741211 87.8199996948242 89.1900024414062 90.3399963378906 90.7300033569336 91.2200012207031 91.2799987792969 91.6399993896484 92.5800018310547 93.5500030517578 94.9300003051758 96.4599990844727 97.849998474121 99.400001525879 100.489997863770 101.360000610352 101.959999084473 101.370002746582 99.5899963378906 96.7099990844727 93.6100006103516 91.2099990844727 90.1800003051758 89.0899963378906 86.9100036621094 82.2200012207031 74.370002746582 65.8600006103516 58.5499992370605 52.7900009155273 47.6599998474121 43.810001373291 40.5800018310547 35.7999992370605
85.6900024414062 87.0999984741211 88.2099990844727 89.0699996948242 89.0400009155273 88.4100036621094 88.1500015258789 85.4300003051758 80.1600036621094 75.6699981689453 73.0800018310547 71.2900009155273 70.7399978637695 72.0400009155273 73.6100006103516 75.1800003051758 77.1100006103516 79.0699996948242 81.1800003051758 83.2099990844727 85.1600036621094 86.2799987792969 86.7600021362305 86.9300003051758 86.5 86.8399963378906 87.7900009155273 89.1800003051758 91.0599975585938 93 94.9599990844727 96.9300003051758 99.2200012207031 101.260002136230 102.709999084473 103.739997863770 103.059997558594 100.790000915527 97.7799987792969 94.6399993896484 92 90.2399978637695 88.3300018310547 85.8499984741211 81.2699966430664 74.2699966430664 67.0199966430664 59.9599990844727 53.5200004577637 48.4199981689453 45.1500015258789 41.9799995422363 36.1500015258789
76.5400009155273 83.629997253418 88.3600006103516 93.0599975585938 94.7699966430664 95.6999969482422 95.7300033569336 92 84.4199981689453 77.3600006103516 71.9899978637695 68.5199966430664 67.7399978637695 69.1100006103516 71.0299987792969 72.9499969482422 75.0299987792969 77.0800018310547 79.0800018310547 81.3899993896484 83.4899978637695 83.8600006103516 83.3399963378906 82.4899978637695 81.4000015258789 81.9100036621094 83.6500015258789 86.0899963378906 88.4800033569336 90.9800033569336 93.4199981689453 96.1999969482422 99.0500030517578 102 104.150001525879 105.330001831055 105 102.620002746582 99.1699981689453 94.9100036621094 91.2099990844727 89.5199966430664 87.8099975585938 84.5500030517578 80.1800003051758 74.5500030517578 68.0500030517578 60.8300018310547 54.189998626709 49.7799987792969 46.8199996948242 44.1399993896484 40.310001373291
72.3000030517578 77.25 84.3899993896484 94.120002746582 100.239997863770 103.510002136230 103.160003662109 98.2699966430664 88.9899978637695 78.4800033569336 69.8300018310547 65.4899978637695 64.7399978637695 66.1100006103516 68.129997253418 70.5100021362305 73.3000030517578 75.7399978637695 77.8000030517578 79.9599990844727 81.7300033569336 81.9000015258789 79.879997253418 76.7399978637695 75.3899993896484 76.9700012207031 79.7699966430664 83.1100006103516 86.0699996948242 88.8600006103516 92.2200012207031 94.9100036621094 97.8099975585938 101.589996337891 105 107.139999389648 107.309997558594 104.589996337891 99.8300018310547 94.0599975585938 88.9199981689453 87.5199966430664 86.75 83.4800033569336 79.5199966430664 74.6999969482422 68.6399993896484 62.4500007629395 56.7200012207031 52.4900016784668 50.0499992370605 47.7000007629395 44.2200012207031
63.4500007629395 69.6699981689453 76.4599990844727 88.9400024414062 103.709999084473 110.910003662109 111.660003662109 105.019996643066 93.0800018310547 79.129997253418 67.370002746582 62.0900001525879 61.6800003051758 63.1300010681152 65.5199966430664 68.4499969482422 71.0999984741211 73.2300033569336 75.8199996948242 78.7699966430664 80.7900009155273 80.8899993896484 77.75 73.9100036621094 72.4100036621094 74.5199966430664 77.8099975585938 81.3899993896484 84.1100006103516 86.9599990844727 90.4800033569336 93.4199981689453 96.6900024414062 100.620002746582 104.470001220703 108.069999694824 108.650001525879 104.5 98.620002746582 91.2900009155273 85.6500015258789 84.4300003051758 84.5999984741211 82.4400024414062 79.4199981689453 75.0899963378906 69.9899978637695 64.8000030517578 59.689998626709 55.1199989318848 52.0900001525879 49.2900009155273 46.0200004577637
46.9199981689453 58.0099983215332 65.9199981689453 79.5899963378906 100.800003051758 117.970001220703 121.690002441406 112.769996643066 97.5699996948242 81.25 67.1399993896484 59.3199996948242 58.2799987792969 60.5099983215332 63.7700004577637 66.9199981689453 69.3300018310547 71.5199966430664 73.5299987792969 76.4700012207031 79.1399993896484 79.5599975585938 76.7300033569336 74.0699996948242 72.9000015258789 74.0299987792969 76.8099975585938 80.379997253418 83.2600021362305 86.2200012207031 89.3099975585938 92.2799987792969 95.3099975585938 98.7300033569336 102.290000915527 105.010002136230 104.480003356934 99.5899963378906 94.4599990844727 89.5899963378906 85.7300033569336 84.0800018310547 83.7600021362305 82.3399963378906 79.8099975585938 76.6399993896484 72.6600036621094 67.7099990844727 62.4000015258789 57.689998626709 54.2099990844727 50.3300018310547 46.7400016784668
38.2000007629395 45.3600006103516 53.4500007629395 60.5099983215332 80.4400024414062 112.430000305176 124.260002136230 115.519996643066 100.269996643066 82.9199981689453 66.9199981689453 57.8899993896484 55.9500007629395 58.3800010681152 62.2200012207031 65.5699996948242 67.4300003051758 69.8300018310547 71.7600021362305 73.870002746582 75.370002746582 75.5699996948242 74.7900009155273 73.9499969482422 74.1600036621094 75.129997253418 77.129997253418 80.1600036621094 82.8099975585938 85.3099975585938 88.2799987792969 90.8600006103516 93.2799987792969 96 98.2300033569336 99.6399993896484 98.620002746582 94.129997253418 89.9800033569336 88.870002746582 87.1600036621094 85.4599990844727 84.5100021362305 83.1500015258789 81.1999969482422 78.7200012207031 75.2799987792969 70.9700012207031 65.9800033569336 61.2599983215332 56.8300018310547 51.6399993896484 47.4300003051758
30.8799991607666 33.6800003051758 42.2299995422363 50.1599998474121 50.8699989318848 57.1399993896484 76.879997253418 94.400001525879 93.3000030517578 79.7900009155273 63.7299995422363 54.2700004577637 53.0999984741211 56.189998626709 61.0200004577637 64.4400024414062 65.4400024414062 66.7099990844727 68.3000030517578 69.870002746582 70.9000015258789 71.7399978637695 72.2300033569336 72.5500030517578 73.8499984741211 75.6500015258789 77.7300033569336 79.9400024414062 82.0400009155273 84.3399963378906 86.9599990844727 88.7900009155273 90.3499984741211 92.4300003051758 93.9100036621094 94.9800033569336 94.7099990844727 92.4300003051758 90.4499969482422 90.2600021362305 89.4700012207031 87.0299987792969 85.5800018310547 84.9100036621094 83.8399963378906 81.8499984741211 79.3499984741211 76.2300033569336 72.4400024414062 67.2300033569336 61.0200004577637 54.9099998474121 50.9199981689453
24.4500007629395 27.2000007629395 32.7299995422363 41.5 45.8300018310547 44.0999984741211 47.75 51.310001373291 53.9000015258789 59.4000015258789 58.689998626709 50.0499992370605 49.4000015258789 53.0299987792969 58.5400009155273 62.1500015258789 62.1199989318848 62.5999984741211 64.0999984741211 65.6800003051758 66.75 68.1399993896484 69.5800018310547 70.9100036621094 72.9300003051758 75.3000030517578 77.9100036621094 80.1600036621094 82.3099975585938 83.9300003051758 85.9199981689453 87.8399963378906 89.4000015258789 90.2799987792969 90.620002746582 91.75 93.1500015258789 92.5899963378906 91.7799987792969 91.9199981689453 90.9199981689453 88.2900009155273 87.3000030517578 86.6999969482422 86.2699966430664 85.0899963378906 83.629997253418 82.2099990844727 80.75 76.0299987792969 67.7600021362305 60.439998626709 55.9099998474121
18.9699993133545 22.5200004577637 27.1399993896484 35.5499992370605 44.4599990844727 42.8199996948242 38.560001373291 37.7999992370605 40.2599983215332 46.4900016784668 49.310001373291 43.7099990844727 43.6300010681152 47.0999984741211 51.4099998474121 54.7799987792969 55.75 56.7299995422363 58.6199989318848 60.4599990844727 62.2000007629395 64.1600036621094 66.1699981689453 68.8600006103516 72.1500015258789 75.120002746582 78.0500030517578 80.6100006103516 82.370002746582 83.8000030517578 85.4000015258789 86.9000015258789 88.5599975585938 89.5599975585938 90 90.9499969482422 92.5500030517578 93 92.0899963378906 90.8199996948242 89.4700012207031 88.0299987792969 88 87.9000015258789 87.4100036621094 86.7699966430664 86.5400009155273 86.5100021362305 87.9100036621094 86.1999969482422 75.9899978637695 66.4700012207031 60.8600006103516
15.5299997329712 18.9500007629395 22.9799995422363 30.1000003814697 40.6100006103516 43.7900009155273 41.0900001525879 43.189998626709 46.6800003051758 45.2400016784668 40.7000007629395 35.8199996948242 35.7900009155273 38.9099998474121 42.9599990844727 46.4500007629395 49.7200012207031 52.4900016784668 54.7000007629395 55.8699989318848 57.1199989318848 59.3600006103516 63.0999984741211 66.9000015258789 70.8000030517578 74.3000030517578 77.3099975585938 79.9300003051758 81.8600006103516 83.3499984741211 84.4499969482422 85.879997253418 87.7900009155273 89.370002746582 90.2600021362305 91.2099990844727 92.2200012207031 92.5500030517578 91.2099990844727 89.3000030517578 88.1600036621094 88.2600021362305 88.9499969482422 88.5899963378906 87.7300033569336 87 87.6699981689453 89.3300018310547 91.370002746582 89.75 80.7399978637695 71.0299987792969 64.6900024414062
12.5900001525879 15.6999998092651 18.8199996948242 23.2399997711182 30.4200000762939 37.7900009155273 41.3699989318848 44.5099983215332 50.2200012207031 48.2000007629395 38.1599998474121 30.75 28.8199996948242 30.7399997711182 34.0200004577637 38.7799987792969 43.6500015258789 48 50.7400016784668 51.8300018310547 53.5699996948242 56.8199996948242 61.1500015258789 65.6100006103516 69.620002746582 73.2300033569336 76.3399963378906 79.2600021362305 81.3499984741211 82.1100006103516 82.9199981689453 84.4000015258789 86.2699966430664 88.7399978637695 90.2799987792969 90.620002746582 90.2300033569336 90.1800003051758 89.3000030517578 87.7099990844727 86.9599990844727 88.25 90.3199996948242 90.3000030517578 88.8600006103516 87.4499969482422 87.9400024414062 90.25 92.4499969482422 90.1399993896484 81.3499984741211 71.6100006103516 65.1900024414062
10.4899997711182 13.5299997329712 16.4799995422363 19.5300006866455 23.9699993133545 29.4899997711182 34.9900016784668 41.6800003051758 48.1500015258789 47.0499992370605 37.4700012207031 28.75 24.6599998474121 24.0100002288818 26.25 31.8999996185303 38.1599998474121 43.1500015258789 46.3600006103516 48.1599998474121 50.8499984741211 54.8600006103516 59.2599983215332 63.7999992370605 67.8199996948242 71.7200012207031 75.5599975585938 78.7699966430664 80.0199966430664 80.129997253418 80.4899978637695 81.5100021362305 83.2600021362305 86.4300003051758 88.6600036621094 88.4899978637695 87.6999969482422 87 86.4499969482422 85.5699996948242 85.3199996948242 88.5199966430664 91.9700012207031 91.4899978637695 88.879997253418 87.5199966430664 88.6900024414062 91.3099975585938 93.129997253418 89.2399978637695 79.3000030517578 69.0500030517578 63.5999984741211
9.35000038146973 12.6499996185303 15.4499998092651 17.7900009155273 22.0400009155273 26.0900001525879 30.5699996948242 39.2000007629395 46.6500015258789 45.3199996948242 36.7400016784668 27.1800003051758 22.2099990844727 21.3899993896484 22.9200000762939 28.4699993133545 34.4799995422363 39.1100006103516 42.6300010681152 44.9700012207031 48.0299987792969 53.2700004577637 57.7400016784668 61.7700004577637 65.6999969482422 69.6600036621094 73.9899978637695 77.2600021362305 77.6699981689453 76.870002746582 76.5 76.5699996948242 77.4499969482422 79.9899978637695 82.6100006103516 83.5400009155273 83.8399963378906 84.1600036621094 84.1999969482422 84.4899978637695 85.8199996948242 89.3300018310547 92 90.9700012207031 88.7099990844727 88.2900009155273 89.3199996948242 90.8499984741211 91.4199981689453 86.0400009155273 75.5800018310547 68.7200012207031 67.1800003051758
8.57999992370605 12.1400003433228 14.5500001907349 16.4400005340576 20.2299995422363 24.6499996185303 30.0499992370605 38.189998626709 44.7700004577637 43.9799995422363 36.560001373291 27.2000007629395 23.0400009155273 24.6299991607666 26.4200000762939 29.1700000762939 32.810001373291 36.4599990844727 39.9900016784668 43.8199996948242 48.0800018310547 52.7700004577637 56.3899993896484 59.439998626709 62.5699996948242 65.9400024414062 69.8300018310547 72.6699981689453 73.2900009155273 72.8600006103516 72.3000030517578 72.0199966430664 71.4599990844727 73.0800018310547 76.4700012207031 78.3399963378906 79.75 80.7099990844727 81.5800018310547 82.5500030517578 84.629997253418 88.6900024414062 91.3199996948242 90.4400024414062 89.370002746582 88.9800033569336 89.2900009155273 89.9800033569336 89.0899963378906 84.0400009155273 75.0999984741211 69.5100021362305 69
7.51000022888184 10.8800001144409 13.9600000381470 15.9399995803833 18.6599998474121 23.2800006866455 29.3199996948242 37.5800018310547 45.5999984741211 45.2799987792969 39.2099990844727 30.8400001525879 27.9500007629395 30.9699993133545 32.1199989318848 31.5599994659424 32.3199996948242 34.3499984741211 38.5299987792969 44.3499984741211 49.8499984741211 53.6399993896484 55.4099998474121 57.0499992370605 59.0999984741211 61.2200012207031 63.439998626709 65.2600021362305 66.6399993896484 67.5699996948242 67.5999984741211 67.5599975585938 67.7399978637695 69.120002746582 71.4599990844727 73.4400024414062 75.2799987792969 76.75 78.1399993896484 79.9800033569336 82.0199966430664 84.7900009155273 87.4100036621094 88.7099990844727 89.0199966430664 89 88.9100036621094 88.4800033569336 87.6600036621094 86.5299987792969 82.4599990844727 73.0699996948242 65.120002746582
7.88000011444092 10.6300001144409 13.9099998474121 16.2600002288818 19.8999996185303 24.3099994659424 30.2999992370605 40.3600006103516 48.310001373291 48.8300018310547 44.3199996948242 35.810001373291 32.2599983215332 33.0800018310547 33.8300018310547 32.9599990844727 31.5 32.0499992370605 37.3400001525879 45.3300018310547 51.9300003051758 54.1399993896484 54.1300010681152 54.6699981689453 55.5999984741211 55.8400001525879 56.25 58 60.8400001525879 62.8899993896484 63.4199981689453 63.7599983215332 64.6600036621094 66.129997253418 68.1600036621094 69.75 70.870002746582 72.2799987792969 74.2099990844727 76.3300018310547 78.6999969482422 81.25 84.0999984741211 87.4199981689453 89.3600006103516 90.0899963378906 89.9700012207031 89.370002746582 88.5899963378906 89.5 85.8499984741211 73.0999984741211 61.0400009155273
9.81999969482422 11.2700004577637 14.2799997329712 17.8199996948242 22.2900009155273 25.5900001525879 34.0900001525879 50.8899993896484 60.4300003051758 58.1100006103516 48.3899993896484 38.4799995422363 33.1300010681152 32.2400016784668 32.5499992370605 32.9000015258789 31.6700000762939 31.1599998474121 36.1599998474121 44.7900009155273 50.8400001525879 52.1300010681152 52.0999984741211 52.4799995422363 53.4599990844727 52.7799987792969 50.7599983215332 52.1599998474121 56.2700004577637 58.8600006103516 59.7599983215332 60.3400001525879 61.2200012207031 63.5200004577637 65.7399978637695 66.5100021362305 66.8199996948242 67.8199996948242 69.6900024414062 72.8099975585938 76.1999969482422 78.879997253418 82.0699996948242 86.8899993896484 90.6500015258789 92.129997253418 92.4899978637695 89.879997253418 84.120002746582 80.1399993896484 76.2900009155273 67.2600021362305 54.1699981689453
12.3999996185303 13.1099996566772 16.1499996185303 19.6900005340576 24.6800003051758 29.2700004577637 40.9300003051758 59.7900009155273 63.7999992370605 57.9700012207031 48.8400001525879 39.3600006103516 33.1399993896484 31.2199993133545 31.2299995422363 31.3899993896484 31.5200004577637 33.1699981689453 38.4000015258789 44.6699981689453 47.8800010681152 48.439998626709 48.4199981689453 49.1699981689453 50.9099998474121 51.4300003051758 50.310001373291 51.2299995422363 54.1500015258789 55.8800010681152 56.6199989318848 56.9000015258789 58.3600006103516 61.7700004577637 64.7200012207031 64.4599990844727 63.0800018310547 63.2799987792969 65.1999969482422 68.0999984741211 72.0599975585938 75.620002746582 79.3600006103516 85.2399978637695 91.5 93.9899978637695 92.8300018310547 88.1100006103516 78 66.7900009155273 58.6800003051758 49.310001373291 42.03125
15.6199998855591 15.8000001907349 19.5 23.6800003051758 28.1800003051758 33.5499992370605 43.7799987792969 57.2599983215332 59.2999992370605 54.1599998474121 47.3800010681152 40.3499984741211 35.4700012207031 32.7000007629395 30.9200000762939 30.1000003814697 31.3099994659424 34.7900009155273 40.3800010681152 45.4000015258789 46.2900009155273 45.2000007629395 44.9700012207031 45.9000015258789 46.9500007629395 48.2900009155273 49.7700004577637 51.7000007629395 53.9199981689453 55 55.0999984741211 54.6100006103516 54.9700012207031 60.1599998474121 65.0299987792969 63.4599990844727 60.310001373291 59.0699996948242 60.4000015258789 63.2299995422363 67.7600021362305 72.5500030517578 76.9700012207031 82.0400009155273 88.2799987792969 92.7300033569336 92.9700012207031 86.4000015258789 75.4199981689453 67.370002746582 64.109375 45.2999992370605 38
16.3899993896484 17.6000003814697 21.8400001525879 27.1299991607666 32.5499992370605 40.6599998474121 53.1100006103516 59.2200012207031 56.7000007629395 51.8300018310547 45.7400016784668 40.7400016784668 37.8199996948242 35.2900009155273 32.5499992370605 31.2099990844727 32.310001373291 35.6100006103516 40.1300010681152 43.6699981689453 44.7200012207031 44.7900009155273 44.3400001525879 43.9799995422363 43.7799987792969 45.4599990844727 48.3400001525879 51.6199989318848 54.3899993896484 55 55 54.6399993896484 54.8600006103516 58.6800003051758 62.7099990844727 62.2400016784668 59.8400001525879 57.5 56.7099990844727 60.0200004577637 66.7099990844727 71.9599990844727 76.75 83.1500015258789 88.9700012207031 93.1800003051758 96.046875 86.1999969482422 75 68.1999969482422 67 -3.4e+38 -3.4e+38
15.8900003433228 19.7999992370605 23.9899997711182 27.8299999237061 33.060001373291 46.4500007629395 59.1300010681152 56.8499984741211 55.0699996948242 50.1399993896484 44.1500015258789 40.2299995422363 38.0999984741211 36.0499992370605 34.7799987792969 34.5800018310547 35.0299987792969 37 39.8600006103516 42.1300010681152 44.25 46.8600006103516 47.4799995422363 44.3699989318848 41.4900016784668 43.2900009155273 46.9099998474121 51.4000015258789 55.0999984741211 55.3800010681152 55 55.1500015258789 55.9799995422363 57.7799987792969 59.7299995422363 60.5900001525879 60.0499992370605 57.8699989318848 57.1300010681152 61.5200004577637 68.9100036621094 75.0299987792969 86.2200012207031 103.889999389648 110.65625 93.4000015258789 97 -3.4e+38 -3.4e+38 -3.4e+38 -3.4e+38 -3.4e+38 -3.4e+38
