pkg/rmaxent/inst/layers/pre6190_l7.asc
NCOLS 122 
NROWS 160 
XLLCORNER -94.8 
YLLCORNER -56.45 
CELLSIZE 0.5 
NODATA_value -3.4e+38 
[rows 52 to 77 of 160, columns 57 to 113 of 122]
51.0800018310547 50.1500015258789 48.7200012207031 47.1800003051758 46.0999984741211 44.7400016784668 43.2099990844727 41.7000007629395 40.1500015258789 38.7000007629395 36.7900009155273 34.8800010681152 33.560001373291 33.1300010681152 32.9900016784668 33.9500007629395 35.6399993896484 38.4000015258789 40.5800018310547 39.2200012207031 33.6800003051758 29.7199993133545 30.0799999237061 33.6199989318848 35.5800018310547 36.810001373291 38.7599983215332 40.2799987792969 39.6699981689453 36.5099983215332 33.4599990844727 31.2800006866455 30.6000003814697 30.9500007629395 31.9400005340576 33.0099983215332 34.1500015258789 35.1699981689453 35.8699989318848 35.8899993896484 35.7999992370605 35.7999992370605 36.2000007629395 35.5699996948242 32.59375 28.6489353179932 24.6458339691162 19.3777770996094 14.5888891220093 12.2555551528931 11.2777776718140 10.4111108779907 11.0222225189209 12.759259223938 -3.4e+38 -3.4e+38 -3.4e+38
45.560001373291 45.1500015258789 44.0499992370605 42.5999984741211 40.810001373291 39.2400016784668 38.0999984741211 36.6500015258789 35.1500015258789 33.7200012207031 31.8099994659424 29.8400001525879 28.3999996185303 28.1599998474121 28.6000003814697 29.1000003814697 30.8600006103516 33.75 35.6100006103516 34.7700004577637 31.8600006103516 29.4699993133545 29.2999992370605 31.0400009155273 32.6800003051758 33.2799987792969 33.5299987792969 33.3300018310547 31.7800006866455 28.5599994659424 26.0300006866455 24.9599990844727 23.8099994659424 24.2199993133545 25.2099990844727 26.1700000762939 27.1499996185303 27.7900009155273 27.8199996948242 27.5100002288818 26.9200000762939 27.2199993133545 28.1700000762939 28.7299995422363 27.75 24.8199996948242 21.2299995422363 17.2199993133545 12.4200000762939 9.39000034332275 8.71000003814697 8.90999984741211 9.27000045776367 11.0625 13.9629631042480 -3.4e+38 -3.4e+38
40.5 40.1500015258789 39.1500015258789 37.7200012207031 36.0800018310547 34.5999984741211 32.810001373291 31.2700004577637 30.2099990844727 29.1100006103516 27.7000007629395 26.0400009155273 25.25 25.2199993133545 25.2999992370605 25.7299995422363 27.1599998474121 28.9400005340576 30.0499992370605 29.6800003051758 28 26.8099994659424 26.6200008392334 27.6499996185303 28.3999996185303 28.5 28.2099990844727 27.25 25.7700004577637 23.2600002288818 21.0499992370605 19.7199993133545 18.2999992370605 18.1900005340576 19.1000003814697 19.7399997711182 20.25 20.7900009155273 20.4599990844727 19.8400001525879 19.1000003814697 18.6200008392334 19.8299999237061 21.2299995422363 20.9099998474121 19.1599998474121 17.0799999237061 14.0100002288818 10.8299999237061 9 9.11999988555908 8.96000003814697 7.46000003814697 8.90999984741211 15.1875 18.9222221374512 16.7222213745117
35.5400009155273 35.1699981689453 34.2099990844727 33.0800018310547 31.6200008392334 29.8299999237061 28.1499996185303 27.0300006866455 26.0900001525879 25.0900001525879 24.0300006866455 22.9799995422363 22.3099994659424 22.2999992370605 22.2999992370605 22.7299995422363 23.7600002288818 24.7800006866455 25.1100006103516 24.6599998474121 23.7299995422363 22.5799999237061 22.5200004577637 23.0599994659424 23.6000003814697 23.6000003814697 23.2099990844727 21.8999996185303 20.2800006866455 18.7399997711182 16.75 15.1999998092651 14.3999996185303 13.9899997711182 14.0299997329712 14.5 14.5299997329712 14.6899995803833 14.2299995422363 13.3900003433228 12.7200002670288 12.5500001907349 13.2100000381470 14.25 14.2899999618530 13.1999998092651 11.7700004577637 9.98999977111816 8.69999980926514 8.34000015258789 8.73999977111816 7.48999977111816 6.44000005722046 8.59000015258789 12.0299997329712 14.5900001525879 14
31.0599994659424 30.5400009155273 30 28.7099990844727 27.1200008392334 25.9400005340576 24.5200004577637 23.4599990844727 22.9300003051758 21.9300003051758 20.9699993133545 20.25 19.8500003814697 19.3099994659424 19.2999992370605 19.7800006866455 20.4200000762939 20.6000003814697 20.8899993896484 20.8999996185303 20.0300006866455 19.0100002288818 18.8600006103516 19.3600006103516 19.3999996185303 19.3999996185303 19 17.6800003051758 16.0499992370605 14.7299995422363 13.0299997329712 11.9399995803833 10.9600000381470 10.4600000381470 10.0500001907349 9.35999965667725 8.84000015258789 8.80000019073486 8.68000030517578 8.64000034332275 8.1899995803833 8 8.52000045776367 8.72999954223633 8.47999954223633 7.51999998092651 6.44000005722046 5.78999996185303 5.46999979019165 5.73000001907349 6.01999998092651 5.19999980926514 6.59999990463257 10.4600000381470 10.0500001907349 8.98999977111816 11.7100000381470
27.0300006866455 26.4400005340576 26 24.6900005340576 23.1000003814697 22.0900001525879 21.0300006866455 20.3099994659424 19.9300003051758 18.9300003051758 18.2399997711182 17.8500003814697 17.25 16.8700008392334 16.7399997711182 17.2099990844727 17.2999992370605 17.2999992370605 17.4200000762939 17.4599990844727 16.9699993133545 16.25 16.2199993133545 16 15.5100002288818 15.5 15.0900001525879 13.7700004577637 12.4600000381470 11.4700002670288 10.0100002288818 9 8 7.40000009536743 7 6 5.03000020980835 4.59999990463257 4.8600001335144 5.30000019073486 5.23999977111816 4.92000007629395 4.8600001335144 5.30000019073486 5.3600001335144 4.90000009536743 4.28000020980835 3.75999999046326 3.03999996185303 2.96000003814697 3.6800000667572 4.73999977111816 8.06999969482422 11.6199998855591 10.3900003433228 9.35000038146973 11.6899995803833
23.3999996185303 22.8700008392334 22.0300006866455 21.0300006866455 19.9400005340576 18.9300003051758 17.9699993133545 17.3099994659424 16.9699993133545 16 15.3999996185303 15.3400001525879 14.8800001144409 14.6199998855591 14.7200002670288 14.3999996185303 14.3999996185303 14.3100004196167 14.3000001907349 14.3000001907349 14.2399997711182 13.8500003814697 13.3100004196167 13.2399997711182 12.8100004196167 12.2399997711182 11.8699998855591 10.8199996948242 9.52000045776367 8.35999965667725 7.76999998092651 6.80999994277954 5.8899998664856 5.34999990463257 4.80999994277954 3.90000009536743 2.96000003814697 2.40000009536743 2.42000007629395 2.79999995231628 2.96000003814697 2.44000005722046 2.42000007629395 2.86999988555908 3.67000007629395 4.01999998092651 3.82999992370605 3.01999998092651 2.66000008583069 2.5 3.19000005722046 4.90999984741211 8.46000003814697 9.7200002670288 8.84000015258789 8.9399995803833 11.4399995803833
20 19.1599998474121 18.4699993133545 17.9699993133545 17 15.9700002670288 15.2399997711182 14.8100004196167 14.2399997711182 13.7899999618530 13.3000001907349 13.3000001907349 12.8000001907349 12.3199996948242 12.3400001525879 12.2100000381470 12.1999998092651 11.8500003814697 11.3999996185303 11.3100004196167 11.3000001907349 11.2399997711182 10.8500003814697 10.3999996185303 10 9.02999973297119 8.5600004196167 8 6.8899998664856 5.8899998664856 5.44000005722046 5.28000020980835 4.73000001907349 3.75999999046326 3.27999997138977 3.01999998092651 2.53999996185303 2 1.74000000953674 1.53999996185303 1.74000000953674 1.10000002384186 1.55999994277954 2.33999991416931 3.36999988555908 4.26000022888184 4.48000001907349 3.44000005722046 3 3.49000000953674 6.67999982833862 10.9200000762939 9.86999988555908 6.36999988555908 7.5 8.3100004196167 9.34000015258789
17.25 16.7299995422363 15.8500003814697 15.25 14.7299995422363 13.4300003051758 12.3199996948242 11.9700002670288 11.7200002670288 11.7799997329712 11.3000001907349 11.3000001907349 10.8000001907349 10.3000001907349 10.3000001907349 9.89000034332275 9.44999980926514 9.25 9.19999980926514 8.85000038146973 8.69999980926514 8.84000015258789 8.34000015258789 8.21000003814697 7.78999996185303 6.8899998664856 6.34999990463257 5.80999994277954 4.8899998664856 4.28000020980835 4.09999990463257 4.09999990463257 3.74000000953674 3.01999998092651 3 2.6800000667572 2.01999998092651 2 1.6599999666214 1 1.01999998092651 1 1.39999997615814 2 2.99000000953674 4.34000015258789 4.94999980926514 3.66000008583069 2.10999989509583 2.88000011444092 5.09999990463257 6.65000009536743 5.25 4.23000001907349 5.88000011444092 6.73000001907349 7.40999984741211
14.8500003814697 14.0100002288818 13.3900003433228 12.8900003433228 12.0900001525879 10.9799995422363 9.97999954223633 9.4399995803833 9.64999961853027 9.78999996185303 9.39999961853027 9.35000038146973 8.8100004196167 8.35000038146973 8.32999992370605 8.22999954223633 7.65999984741211 6.8899998664856 6.44999980926514 6.36999988555908 6.42000007629395 6.44000005722046 6.40000009536743 5.98000001907349 5.67999982833862 5.6399998664856 4.75 4.28000020980835 3.74000000953674 3.09999990463257 3.09999990463257 3.09999990463257 3.01999998092651 3 2.74000000953674 2.01999998092651 2.25999999046326 2.44000005722046 2 1.44000005722046 1 1 1.39999997615814 2.15000009536743 3.16000008583069 3.92000007629395 3.75 2.73000001907349 1.67999994754791 1.60000002384186 2.08999991416931 2.09999990463257 2.69000005722046 4.38999986648560 6.01999998092651 5.98999977111816 7.73000001907349
12.3900003433228 12.1800003051758 11.6599998474121 11.1800003051758 10.6499996185303 9.73999977111816 9.02000045776367 8.73999977111816 8.22999954223633 8.22000026702881 8 7.67000007629395 7.28000020980835 6.75 6.55999994277954 6.65999984741211 5.90000009536743 5.28000020980835 4.75 4.55999994277954 4.98999977111816 5 5 4.92000007629395 4.63999986648560 4.28000020980835 3.74000000953674 3.09999990463257 3.01999998092651 2.6800000667572 2.09999990463257 2.09999990463257 2.09999990463257 2.55999994277954 2.59999990463257 2 2.33999991416931 2.52999997138977 2 1.53999996185303 1 1 1.33000004291534 1.78999996185303 1.83000004291534 2.60999989509583 2.74000000953674 1.79999995231628 1.01999998092651 1 1.01999998092651 1 1.87000000476837 3.84999990463257 5.57000017166138 6.34999990463257 9.14000034332275
10.6700000762939 10.3500003814697 9.8100004196167 9.35000038146973 9.21000003814697 9.02000045776367 9 8.52999973297119 7.67000007629395 6.75 6.40000009536743 6.28000020980835 6.09999990463257 5.73999977111816 5.23000001907349 5.26999998092651 5.01999998092651 4.67000007629395 3.74000000953674 3.23000001907349 3.39000010490417 3.40000009536743 3.40000009536743 3.40000009536743 3.27999997138977 3.09999990463257 3.01999998092651 2.6800000667572 2.09999990463257 2.01999998092651 1.67999994754791 1.55999994277954 2 2.33999991416931 2.53999996185303 2 2 1.74000000953674 1.10000002384186 1.01999998092651 1 0.800000011920929 0.660000026226044 1.41999995708466 1.98000001907349 2 2.01999998092651 1.53999996185303 1 1 1 1 1.4099999666214 2.90000009536743 4.55999994277954 6.69999980926514 12.9099998474121
9.22999954223633 8.65999984741211 8.18000030517578 7.67000007629395 7.55999994277954 8.38000011444092 8.55000019073486 7.6399998664856 6.65000009536743 5.73000001907349 5.09999990463257 5.09999990463257 5.05000019073486 4.94999980926514 4.67999982833862 4.09999990463257 4.09999990463257 3.74000000953674 3.01999998092651 2.74000000953674 2.09999990463257 2.09999990463257 2.09999990463257 2.09999990463257 2.09999990463257 2.09999990463257 2.09999990463257 2.01999998092651 1.67999994754791 1.10000002384186 1.01999998092651 1.39999997615814 2 2 2.01999998092651 2 1.74000000953674 1.01999998092651 0.740000009536743 0.100000001490116 0.5 1 0.980000019073486 1.39999997615814 2.01999998092651 2.06999993324280 1.86000001430511 1.05999994277954 0.680000007152557 0.560000002384186 1 1 1 1.99000000953674 3.94000005722046 8.14999961853027 19.5300006866455
7.71999979019165 6.80999994277954 6.34999990463257 6.21000003814697 6.23000001907349 6.40999984741211 6.44000005722046 5.90000009536743 5.28000020980835 4.73999977111816 4.09999990463257 4.09999990463257 3.75999999046326 3.61999988555908 4.01999998092651 3.6800000667572 3.09999990463257 3.01999998092651 3 2.53999996185303 2 1.74000000953674 1.10000002384186 1.10000002384186 1.5 1.67999994754791 1.10000002384186 1.10000002384186 1.01999998092651 0.740000009536743 0.560000002384186 1.3400000333786 2 2 1.74000000953674 1.5 1.53999996185303 1 0.540000021457672 0 0 0.100000001490116 0.649999976158142 1.5 2.78999996185303 3.53999996185303 3.00999999046326 1.82000005245209 0.0399999991059303 0.490000009536743 1.38999998569489 2 1.89999997615814 2.14000010490417 4.34999990463257 10.6099996566772 22.8700008392334
6.34999990463257 5.23000001907349 4.65999984741211 4.53000020980835 4.98999977111816 5.03000020980835 5.09999990463257 4.96999979019165 4.59000015258789 4.01999998092651 4 3.6800000667572 3.01999998092651 3 3.09999990463257 3.01999998092651 2.6800000667572 2.09999990463257 2.09999990463257 2.01999998092651 2 1.53999996185303 1 1 1 1.01999998092651 1 1 1 0.540000021457672 0.400000005960464 1 1.5 2 1.53999996185303 1 1.01999998092651 0.800000011920929 0.0199999995529652 0 0 0.200000002980232 1.19000005722046 2.63000011444092 4.65999984741211 6.23000001907349 5.90000009536743 3.29999995231628 0.990000009536743 1.38999998569489 3.28999996185303 4.13999986648560 3.10999989509583 4.44999980926514 8.64999961853027 15.4700002670288 21.2399997711182
5.32999992370605 3.73000001907349 2.80999994277954 2.64000010490417 3.19000005722046 3.51999998092651 3.99000000953674 3.67000007629395 3.27999997138977 3.09999990463257 3.09999990463257 3.01999998092651 2.6800000667572 2.09999990463257 2.09999990463257 2.09999990463257 2.01999998092651 1.74000000953674 1.10000002384186 1.10000002384186 1.10000002384186 1.01999998092651 1 0.680000007152557 0.100000001490116 0.560000002384186 1 1 0.740000009536743 0.0199999995529652 0.46000000834465 1 1 1.10000002384186 1.01999998092651 1 1 1 0.379999995231628 0 0 0 0.870000004768372 3.38000011444092 7.19999980926514 10.5200004577637 9.82999992370605 5.15999984741211 2.25999999046326 3.24000000953674 7.30999994277954 11.3800001144409 11.3500003814697 10.4200000762939 15.8000001907349 22.1700000762939 24.5100002288818
4.92000007629395 2.51999998092651 1.27999997138977 0.910000026226044 0.810000002384186 1.69000005722046 2.39000010490417 2.27999997138977 2.5 2.6800000667572 2.09999990463257 2.09999990463257 2.01999998092651 2 2 2 2 1.53999996185303 1 1 1 0.740000009536743 0.100000001490116 0.0199999995529652 0 0.46000000834465 0.800000011920929 0.100000001490116 0.419999986886978 0.899999976158142 0.980000019073486 1 1 1 1 1 1 0.680000007152557 0.0199999995529652 0 0 0 0.409999996423721 2.77999997138977 8.94999980926514 16.3700008392334 15.3900003433228 6.23000001907349 1.73000001907349 3.52999997138977 9.85999965667725 16.1599998474121 15.9899997711182 12.9600000381470 18.3500003814697 26.4699993133545 34.5099983215332
5.17000007629395 3.13000011444092 1.58000004291534 0.689999997615814 0 0.660000026226044 1.10000002384186 1.5 2 2.01999998092651 2 2 1.74000000953674 1.10000002384186 1.55999994277954 2 1.74000000953674 1.01999998092651 0.800000011920929 0.100000001490116 0.560000002384186 0.600000023841858 0 0.259999990463257 0.899999976158142 0.980000019073486 1 0.439999997615814 0.340000003576279 1 1 1 1 1 1 1 0.740000009536743 0.0199999995529652 0 0 0 0 0 2.33999991416931 9.35999965667725 18.4200000762939 16.1200008392334 3.64000010490417 0.97000002861023 4.36999988555908 10.9600000381470 16.5799999237061 16.4400005340576 13.9399995803833 18.3899993896484 27.4200000762939 37.1500015258789
5.61999988555908 4.44000005722046 3.01999998092651 1.5900000333786 0.980000019073486 0.980000019073486 1 1 1.62000000476837 2 2 2 1.60000002384186 1 1.46000003814697 2 1.6599999666214 1 1 0.5 0.46000000834465 0.600000023841858 0 0.400000005960464 1 0.800000011920929 0.560000002384186 0.600000023841858 0 0.560000002384186 1 1 1 1 1 1 0.600000023841858 0 0 0 0 0 0 1.32000005245209 5.92000007629395 11.3699998855591 9.48999977111816 2.04999995231628 1.14999997615814 5.6399998664856 13.6599998474121 20.75 20.6200008392334 17.4300003051758 22.0599994659424 31.8299999237061 40.8800010681152
6.55999994277954 5.51000022888184 4.42999982833862 3.26999998092651 2.32999992370605 1.89999997615814 1.89999997615814 1.89999997615814 1.98000001907349 1.79999995231628 1.62000000476837 2 1.6599999666214 1.32000005245209 1.98000001907349 2 2 1.5 1 1 0.980000019073486 0.600000023841858 0 0.46000000834465 1 1 0.639999985694885 0.419999986886978 0.379999995231628 0.400000005960464 1 1 1 1 1 1 0.600000023841858 0 0.259999990463257 0.439999997615814 0 0 0 0.170000001788139 1.88999998569489 4.76000022888184 4.73000001907349 1.74000000953674 1.52999997138977 6.59000015258789 12.7600002288818 16.2099990844727 17.9200000762939 20.7600002288818 27.8799991607666 39.5099983215332 50.9900016784668
8.03999996185303 6.51999998092651 5.51000022888184 4.11999988555908 2.66000008583069 2 2 2 2 2 1.98000001907349 2 2 1.98000001907349 2 2 2 2 1.5 1 1 0.600000023841858 0.200000002980232 0.980000019073486 1 1 1 0.579999983310699 0.0199999995529652 0.400000005960464 1 1 1 1 0.740000009536743 0.620000004768372 0.660000026226044 0 0.46000000834465 0.660000026226044 0 0 0 0 0.52999997138977 1.75999999046326 1.98000001907349 1.12999999523163 1.60000002384186 6.21999979019165 10.4499998092651 10.6800003051758 15.3699998855591 23.9099998474121 37.2700004577637 52.9199981689453 62.5999984741211
9.67000007629395 7.55999994277954 6.51000022888184 4.78999996185303 3.20000004768372 2.98000001907349 2.90000009536743 2.90000009536743 2.90000009536743 2.90000009536743 2.5 2 1.76999998092651 1.55999994277954 2 2 2 2 2 1.44000005722046 1 0.660000026226044 0 0.560000002384186 1 1 1 0.600000023841858 0 0.46000000834465 1 1 1 0.800000011920929 0.479999989271164 0.980000019073486 1 0.899999976158142 0.980000019073486 1 0.439999997615814 0 0 0 0.340000003576279 1 0.860000014305115 0.8299999833107 2.77999997138977 5.69000005722046 7.40000009536743 9.39000034332275 16.1800003051758 27.0300006866455 43.4000015258789 59.1100006103516 65.765625
11.6000003814697 9.09000015258789 7.67999982833862 6.17999982833862 4.90999984741211 4.48999977111816 3.98000001907349 3.90000009536743 3.90000009536743 3.5 3 2.90000009536743 2.15000009536743 1.54999995231628 2 2 2 2 2 1.6599999666214 1 1 0.899999976158142 0.579999983310699 0.100000001490116 0.5 1 0.600000023841858 0.319999992847443 0.980000019073486 1 1 1 1 0.980000019073486 1.32000005245209 1.44000005722046 1 1.28999996185303 1.47000002861023 0.660000026226044 0 0 0 0 0.560000002384186 1 0.990000009536743 1.96000003814697 4.03000020980835 5.15999984741211 8.65999984741211 18.6800003051758 31.9699993133545 47.6599998474121 57.640625 66
13.6599998474121 11.3400001525879 10.2799997329712 8.97999954223633 7.42000007629395 6.44999980926514 5.46000003814697 4.90000009536743 4.5 4 3.52999997138977 3 2.91000008583069 2.4300000667572 2 2.04999995231628 2.19000005722046 2.20000004768372 2.07999992370605 2 1.44000005722046 1 1 0.540000021457672 0 0 0.100000001490116 0.479999989271164 0.980000019073486 1 1.32000005245209 1.44000005722046 1 1 1.32000005245209 1.98000001907349 1.60000002384186 1 1.70000004768372 2.05999994277954 1 0.5 0 0 0 0.340000003576279 1 1 1.09000003337860 2.5699999332428 5.51000022888184 11.1800003051758 22.5400009155273 37.7000007629395 52.0699996948242 59.4166679382324 -3.4e+38
16.1599998474121 13.6300001144409 13.2399997711182 12.7100000381470 10.8500003814697 8.90999984741211 7.01999998092651 5.57999992370605 5 4.90000009536743 4.48000001907349 3.55999994277954 3.42000007629395 3.53999996185303 3.09999990463257 3.33999991416931 3.69000005722046 3.70000004768372 3.42000007629395 2.52999997138977 1.69000005722046 1 0.800000011920929 0.0199999995529652 0 0 0.319999992847443 0.980000019073486 1.25999999046326 1.89999997615814 1.98000001907349 1.60000002384186 1 1.32000005245209 1.98000001907349 1.86000001430511 1.57000005245209 1.89999997615814 1.99000000953674 2 1.45000004768372 1 0.5 0 0 0 0.100000001490116 0.649999976158142 1.32000005245209 3.03999996185303 6.78000020980835 13.75 25.9699993133545 42.2599983215332 53.53125 60 -3.4e+38
19.1499996185303 18.0499992370605 17.3199996948242 16.3600006103516 14.3599996566772 11.1599998474121 8.43000030517578 6.96999979019165 5.90999984741211 5.46999979019165 5 4.76999998092651 4.73000001907349 4.76999998092651 4.69999980926514 4.73000001907349 4.90000009536743 4.90000009536743 4.42000007629395 3.48000001907349 2.50999999046326 1.52999997138977 1 0.899999976158142 0.899999976158142 0.899999976158142 0.980000019073486 1 1.46000003814697 2 2 1.60000002384186 1.20000004768372 1.98000001907349 2.25999999046326 2.76999998092651 2.4300000667572 2 2 2 1.6599999666214 1 1 0.899999976158142 0.439999997615814 0.200000002980232 0.899999976158142 1.15999996662140 1.98000001907349 3.16000008583069 7.26000022888184 15.3999996185303 27.7199993133545 42.3199996948242 56.2916679382324 63.7777786254883 -3.4e+38
