pkg/rmaxent/inst/layers/pre6190_l10.asc
NCOLS 122 
NROWS 160 
XLLCORNER -94.8 
YLLCORNER -56.45 
CELLSIZE 0.5 
NODATA_value -3.4e+38 
[rows 72 to 95 of 160, columns 55 to 109 of 122]
41.0299987792969 41 40.4700012207031 38.810001373291 36.4799995422363 35.1100006103516 35.5400009155273 36.2299995422363 37.0099983215332 38.2000007629395 39.0699996948242 40.1300010681152 40.8400001525879 42.0900001525879 43.5200004577637 44.9300003051758 46.6100006103516 48.0900001525879 49.9900016784668 52.0299987792969 53.6100006103516 54.7099990844727 55.5099983215332 55.9900016784668 56 56 56 56 56 55.6500015258789 55.0999984741211 55.0999984741211 54.7299995422363 53.7299995422363 52.3699989318848 50.5099983215332 48.1199989318848 45.1599998474121 41.939998626709 40.7999992370605 42.9000015258789 43.810001373291 42.2099990844727 38.6699981689453 35.2400016784668 31.2099990844727 26.9500007629395 22.9200000762939 19.8299999237061 18.1800003051758 14.6300001144409 13.7299995422363 16.4699993133545 13.8800001144409 15.1000003814697
41.9099998474121 41.9000015258789 42.2200012207031 41.5 38.2200012207031 35.6599998474121 35.0499992370605 35.5 36.0900001525879 36.5499992370605 37.1800003051758 38.0400009155273 39.0200004577637 39.6599998474121 40.7799987792969 42.0900001525879 43.9900016784668 45.5299987792969 47.0999984741211 49.1300010681152 51.1100006103516 52.5999984741211 53.5999984741211 54.2799987792969 54.2999992370605 54.2999992370605 54.2999992370605 54.3300018310547 54.4000015258789 54.2799987792969 54.0999984741211 54.0999984741211 53.7299995422363 52.7299995422363 51.6100006103516 49.8800010681152 47.3899993896484 44.9000015258789 42.5400009155273 41.810001373291 42.0900001525879 41.9599990844727 40.5 38.2099990844727 35.5499992370605 31.7700004577637 27.25 23.9599990844727 21.9200000762939 20 17.4699993133545 15.8900003433228 16.0100002288818 15.8299999237061 17.8600006103516
41.5999984741211 41.8699989318848 43.7999992370605 44.1199989318848 40.9099998474121 37.8699989318848 36.0400009155273 35 35.0499992370605 35.1300010681152 35.2900009155273 35.6800003051758 36.689998626709 37.560001373291 38.2999992370605 38.8600006103516 40.3400001525879 42.1599998474121 44.060001373291 46.3600006103516 48.8800010681152 50.5499992370605 51.5800018310547 52.189998626709 52.2000007629395 52.2000007629395 52.2000007629395 52.5 52.9000015258789 52.9900016784668 53 53.0299987792969 52.7299995422363 51.7400016784668 50.7999992370605 49.6100006103516 48.0800018310547 46.0400009155273 44.3300018310547 43.3600006103516 42.2299995422363 40.810001373291 39.2900009155273 36.9700012207031 34.0299987792969 30.1800003051758 25.6399993896484 23.0599994659424 22.8099994659424 21.1200008392334 17.9599990844727 15.1999998092651 14.0100002288818 16.3199996948242 21.1200008392334
40.6399993896484 41.7999992370605 43.4599990844727 43.7299995422363 42.1300010681152 39.5900001525879 37.0699996948242 35.1300010681152 33.7299995422363 33.2999992370605 33.3300018310547 33.6500015258789 34.3300018310547 35.1300010681152 36.1800003051758 36.310001373291 37.1699981689453 38.7900009155273 40.3400001525879 42.6500015258789 45.5299987792969 47.9799995422363 49.1100006103516 49.2200012207031 49.5999984741211 49.7700004577637 49.7200012207031 50.2999992370605 50.7200012207031 51.310001373291 51.4000015258789 51.6100006103516 51.7400016784668 51.0200004577637 50.6599998474121 49.689998626709 48.6500015258789 47.2000007629395 45.6399993896484 44.2299995422363 42.6100006103516 40.8199996948242 38.4300003051758 35.9799995422363 32.6300010681152 28.3400001525879 23.8099994659424 21.4099998474121 21.3999996185303 20.7399997711182 18.7600002288818 15.9399995803833 15.2399997711182 18.7199993133545 24.5400009155273
39.9799995422363 41.5699996948242 42.75 43.2099990844727 42.7299995422363 40.7900009155273 37.7900009155273 34.8199996948242 32.2799987792969 31.2999992370605 31.5300006866455 32.1500015258789 32.5499992370605 33.2099990844727 33.75 34.2799987792969 34.6599998474121 35.689998626709 36.9799995422363 39.0099983215332 41.4900016784668 44.0800018310547 45.2900009155273 45.6599998474121 46.3800010681152 46.8199996948242 47.5999984741211 48.2799987792969 48.6199989318848 49.5099983215332 50.0200004577637 50.5299987792969 51.0200004577637 51 51 50.4799995422363 49.7700004577637 49.2999992370605 47.8899993896484 45.9300003051758 43.6100006103516 41.189998626709 38.7799987792969 35.8800010681152 32.4900016784668 28.1800003051758 23.9599990844727 21.7000007629395 20.9799995422363 20.6100006103516 20.4599990844727 19.1599998474121 18.8899993896484 21.7600002288818 28.2199993133545
39.8899993896484 42.4500007629395 44.2400016784668 45.2799987792969 45.0900001525879 42.7799987792969 38.9599990844727 34.1399993896484 30.4699993133545 29.3299999237061 29.7000007629395 30.5499992370605 31.1200008392334 31.5200004577637 32.1199989318848 32.2000007629395 32.2200012207031 32.4199981689453 32.8899993896484 34.2999992370605 36.4199981689453 38.5900001525879 40.1300010681152 41.4300003051758 43.2099990844727 44.5499992370605 45.5999984741211 46.310001373291 46.7000007629395 47.689998626709 48.5999984741211 49.5299987792969 50.5299987792969 51 51 51 50.9000015258789 50.8199996948242 50.0099983215332 47.4000015258789 44.25 42.0999984741211 39.7099990844727 36.7299995422363 33.689998626709 30.1399993896484 26.5499992370605 24.3500003814697 23.2999992370605 22.8199996948242 22.8600006103516 22.2900009155273 22.0200004577637 24.8899993896484 31.6599998474121
37.5099983215332 41.1699981689453 46.5900001525879 48.9700012207031 49.1800003051758 46.5299987792969 41.0499992370605 34.4000015258789 29.2099990844727 27.6200008392334 28.5300006866455 29.2299995422363 29.3899993896484 29.7099990844727 30.3899993896484 29.9699993133545 29.5 29.4500007629395 29.1200008392334 29.5499992370605 31.8600006103516 34.439998626709 36.3400001525879 38.5400009155273 40.6399993896484 42.1599998474121 43.6300010681152 44.5999984741211 45.5299987792969 46.5699996948242 47.5999984741211 48.6300010681152 49.9900016784668 51 51.3499984741211 51.9000015258789 51.9000015258789 52.0699996948242 52 49.4500007629395 45.560001373291 43.0999984741211 40.7299995422363 38.1199989318848 35.6300010681152 32.6500015258789 29.9300003051758 27.9099998474121 26.3700008392334 26.0699996948242 26.1900005340576 25.3700008392334 24.5499992370605 26.5599994659424 33.0900001525879
32.1500015258789 36.1300010681152 45.0200004577637 52.310001373291 53.5900001525879 50.060001373291 43.7900009155273 36.7999992370605 30.4200000762939 27.0599994659424 27.5400009155273 28.1000003814697 28.4899997711182 29 29.1000003814697 28.8600006103516 28.1000003814697 27.8199996948242 27.0200004577637 27.2299995422363 29.5200004577637 32.4199981689453 34.9000015258789 36.6699981689453 38.5299987792969 40.5200004577637 42.0099983215332 43.5200004577637 44.5699996948242 45.8699989318848 47.3699989318848 48.7400016784668 50.3400001525879 51.3199996948242 52.2200012207031 52.9000015258789 52.439998626709 51.6599998474121 50.7299995422363 48.8300018310547 46.0499992370605 44.0800018310547 42.0999984741211 40.0499992370605 37.9300003051758 35.75 33.6699981689453 31.6800003051758 30.1299991607666 29.2900009155273 29.1900005340576 29.1200008392334 28.3999996185303 29.6299991607666 33.8899993896484
20.1499996185303 22.5400009155273 31.7399997711182 48.1300010681152 53.9000015258789 50.8800010681152 45.189998626709 38.5099983215332 31.6900005340576 27.8899993896484 27 27.1000003814697 27.6000003814697 28.5599994659424 29 29 28.5 27.6900005340576 27 27.4099998474121 28.9500007629395 31.3400001525879 33.9000015258789 35.8400001525879 37.4599990844727 39.0099983215332 40.8699989318848 42.4599990844727 43.8499984741211 45.439998626709 46.9599990844727 48.9000015258789 50.7400016784668 51.9700012207031 52.3400001525879 53.1300010681152 52.5400009155273 49.8899993896484 47.939998626709 46.810001373291 45.6300010681152 44.6399993896484 43.7999992370605 42.4300003051758 40 38 36.0200004577637 34.3899993896484 33.2099990844727 32.5800018310547 32.5400009155273 32.2299995422363 31.4300003051758 31.8999996185303 34.5299987792969
11.7600002288818 14.8199996948242 14.2899999618530 17 27.5100002288818 39.6100006103516 41.9599990844727 37.4700012207031 31.0400009155273 27.2399997711182 26.0400009155273 26.4400005340576 27.3199996948242 28.3999996185303 29 29 29 28.4200000762939 27.8999996185303 28.2199993133545 29.3199996948242 30.9300003051758 33.0200004577637 34.9199981689453 36.560001373291 37.9300003051758 39.6199989318848 41.1300010681152 43.0200004577637 44.8600006103516 46.7799987792969 48.810001373291 50.9000015258789 52 52 51.810001373291 50.189998626709 47.1599998474121 45 44.8199996948242 45.0699996948242 45.4000015258789 45.5200004577637 44.0800018310547 41.9199981689453 39.9500007629395 38.3400001525879 36.9099998474121 35.4500007629395 34.9000015258789 34.9000015258789 34.7900009155273 34.9099998474121 35.7599983215332 38.0499992370605
6.57999992370605 9.94999980926514 11.6000003814697 9.7200002670288 11.1800003051758 16.4400005340576 21.6499996185303 27.2999992370605 28.75 25.2299995422363 24.4400005340576 25.0799999237061 26.3299999237061 28.2399997711182 28.9500007629395 29 29 28.6000003814697 28 28.3400001525879 29.3700008392334 30.8999996185303 32.9000015258789 34.4700012207031 35.9599990844727 37.4700012207031 38.9599990844727 40.7999992370605 42.7799987792969 44.439998626709 45.9199981689453 48.2000007629395 50.6800003051758 51.560001373291 51.0999984741211 50.3699989318848 48.2400016784668 45.0999984741211 43.560001373291 44.9700012207031 46.4199981689453 47.5200004577637 47.6699981689453 45.439998626709 42.9599990844727 41.3499984741211 40.3499984741211 39.3400001525879 37.8899993896484 36.7799987792969 36.7000007629395 36.9700012207031 37.5800018310547 38.5299987792969 40.8699989318848
4.21000003814697 6.17000007629395 9.23999977111816 9.39999961853027 8.39000034332275 9.96000003814697 13.6099996566772 19.2900009155273 22.7900009155273 21.3600006103516 21.6200008392334 22.9699993133545 24.8400001525879 26.6299991607666 27.9899997711182 29 29 28.6000003814697 28 28 28.9699993133545 30.8999996185303 32.9000015258789 34.4300003051758 35.9199981689453 37.4300003051758 38.9199981689453 40.5 42.0400009155273 43.8600006103516 45.4000015258789 46.9000015258789 48.6100006103516 49.6300010681152 50.0200004577637 49.6199989318848 48.5299987792969 47.1500015258789 46.7400016784668 47.8899993896484 48.9099998474121 49.25 47.75 44.8199996948242 42.5 41.4300003051758 41.2099990844727 41.3499984741211 39.9700012207031 38.3300018310547 37.3400001525879 37.3300018310547 38.6699981689453 40.4799995422363 42.5499992370605
2.59999990463257 4.01000022888184 6.84999990463257 10.0299997329712 11.4799995422363 12.6300001144409 14.5900001525879 15.5200004577637 16.0499992370605 16.2299995422363 17.7700004577637 20.1000003814697 22.4500007629395 24.9599990844727 27.2000007629395 28.9500007629395 29 28.6000003814697 28 28 28.9400005340576 30.9400005340576 32.939998626709 34.7799987792969 36.4000015258789 37.7799987792969 39.4000015258789 40.7599983215332 42.310001373291 43.4099998474121 44.4700012207031 45.1800003051758 46.0999984741211 47.5099983215332 48.4700012207031 48.939998626709 49 48.7700004577637 49.1399993896484 49.7200012207031 49.9799995422363 49.1699981689453 46.4099998474121 42.9599990844727 40.4300003051758 39.6800003051758 41.1599998474121 42.7599983215332 41.5099983215332 38.8199996948242 36.5499992370605 36.560001373291 38.9000015258789 40.7999992370605 42.7799987792969
1.60000002384186 2.66000008583069 4.92000007629395 9.61999988555908 13.3299999237061 14.3599996566772 15.2600002288818 13.8800001144409 12.4399995803833 13.1599998474121 15.0699996948242 17.1800003051758 19.8999996185303 23.2700004577637 25.8799991607666 27.9099998474121 29 28.6599998474121 28.0499992370605 28.4500007629395 29.8700008392334 31.8199996948242 33.7799987792969 35.7599983215332 37.310001373291 38.7700004577637 40.310001373291 41.4799995422363 42.5499992370605 43 43.2299995422363 43.3400001525879 43.6800003051758 44.7900009155273 46.0900001525879 47.4199981689453 47.9500007629395 48.7799987792969 50.2099990844727 50.439998626709 49.689998626709 47.5900001525879 44.1399993896484 40.7599983215332 38.1300010681152 38.1800003051758 40.3800010681152 42.4300003051758 41.6599998474121 39.1100006103516 37.439998626709 37.2999992370605 38.8600006103516 40.439998626709 41.9199981689453
1.3400000333786 2.36999988555908 3.97000002861023 6.82999992370605 10.2799997329712 13.0299997329712 13.8800001144409 12.1599998474121 10.6800003051758 11.5900001525879 13.0799999237061 15.0500001907349 17.4699993133545 20.9300003051758 24.0699996948242 26.4899997711182 28.5799999237061 29.0499992370605 29.3400001525879 30.5300006866455 32.4199981689453 34.1300010681152 35.6800003051758 37.3499984741211 38.7599983215332 40.2900009155273 41.7999992370605 43.2900009155273 43.9199981689453 43.5699996948242 42.7700004577637 41.7900009155273 41.7000007629395 42.6399993896484 43.6599998474121 44.7900009155273 46.0499992370605 48.1199989318848 50.189998626709 50.4500007629395 48.9599990844727 46.0800018310547 42.6100006103516 39.4799995422363 38.2000007629395 38.7799987792969 40.439998626709 41.2000007629395 40.3400001525879 39.0200004577637 38.4900016784668 38.2200012207031 38.9900016784668 39.9599990844727 41.4700012207031
1 1.87000000476837 3.80999994277954 5.82999992370605 8.4399995803833 11.4099998474121 12.6400003433228 11.6099996566772 10.6499996185303 10.6599998474121 11.9300003051758 13.6199998855591 15.5200004577637 18.9400005340576 22.7999992370605 26.1200008392334 28.7000007629395 30.2999992370605 31.3199996948242 32.7799987792969 34.7099990844727 36.6100006103516 38.5 40.0999984741211 41.2299995422363 42.7299995422363 44.6399993896484 46.1699981689453 46.3699989318848 45.0400009155273 43.1300010681152 41.3600006103516 40.6699981689453 41.2299995422363 41.6500015258789 42.5800018310547 43.9300003051758 46.0200004577637 48.1399993896484 49.5400009155273 48.6599998474121 45.4300003051758 42.0299987792969 39.9900016784668 39.7000007629395 40.1100006103516 40.9700012207031 40.2900009155273 38.8300018310547 38.5 39 38.4500007629395 38.3199996948242 39.7200012207031 41.0625
1 1.47000002861023 3.25999999046326 5.46999979019165 7.6399998664856 10.4700002670288 11.75 11.6899995803833 11 10.9799995422363 11.4099998474121 12.8400001525879 14.8400001525879 18.0599994659424 22.25 25.4099998474121 28.7299995422363 32.060001373291 34.4799995422363 36.3800010681152 38.0200004577637 39.5299987792969 41.5 43.1300010681152 44.6199989318848 46.9099998474121 49.0800018310547 50.189998626709 49.5699996948242 46.8199996948242 43.9199981689453 41.6599998474121 40.9900016784668 41 40.7299995422363 40.4199981689453 41.2299995422363 43.5099983215332 46.2999992370605 48.0099983215332 47.4099998474121 45.2999992370605 43.0699996948242 41.4599990844727 40.5299987792969 40.4000015258789 40.6800003051758 39.4099998474121 37.7599983215332 37.4300003051758 37.9000015258789 36.9300003051758 35.8899993896484 36.828125 41
0.560000002384186 1.42999994754791 2.97000002861023 5.26000022888184 7.48000001907349 9.77000045776367 12.2100000381470 12.4799995422363 11.5299997329712 11 11 12.0299997329712 14.3000001907349 17.6900005340576 21.6700000762939 25.5599994659424 29.7700004577637 34.2799987792969 37.8699989318848 40.0099983215332 41.4099998474121 42.9300003051758 44.5 46.4799995422363 49.0999984741211 52.6199989318848 55.2900009155273 56.0299987792969 53.9900016784668 50.0200004577637 46.0999984741211 43.0699996948242 41.5800018310547 40.8300018310547 40.0200004577637 39.7999992370605 39.75 41.6399993896484 44.310001373291 45.8699989318848 46.5699996948242 46.0099983215332 44.439998626709 42.9900016784668 41.4599990844727 40.5800018310547 40.0200004577637 39.1800003051758 36.8899993896484 35.4199981689453 35.4500007629395 34.8300018310547 34.5800018310547 35.0999984741211 -3.4e+38
0.430000007152557 1.75999999046326 3.66000008583069 5.63000011444092 7.71999979019165 10.2899999618530 12.6800003051758 13.1499996185303 12.4200000762939 11.3699998855591 11 11.8999996185303 14.1999998092651 17.6399993896484 21.6800003051758 25.6299991607666 30.3600006103516 36.1199989318848 41.0699996948242 43.3300018310547 44.0400009155273 45.4700012207031 47.4199981689453 49.7400016784668 53.4199981689453 58.6100006103516 62.939998626709 62.9900016784668 58.8499984741211 53.1699981689453 48.1599998474121 44.9700012207031 43.0200004577637 41.560001373291 40.5299987792969 40 40.310001373291 42.1199989318848 44.7000007629395 45.5999984741211 45.5999984741211 46.0099983215332 45.4900016784668 44.1199989318848 42.2400016784668 40.6599998474121 39.5699996948242 38.0999984741211 35.75 33.9099998474121 33.6300010681152 33.2900009155273 33.421875 35 -3.4e+38
0.759999990463257 2.33999991416931 3.94000005722046 5.55999994277954 8.10000038146973 12.7299995422363 15.4300003051758 14.8500003814697 12.8500003814697 10.8999996185303 10.6199998855591 11.8999996185303 14.1999998092651 17.9599990844727 22.4200000762939 26.0799999237061 30.4200000762939 36.5999984741211 42.1699981689453 44.7200012207031 45.2200012207031 47.0099983215332 49.5 52 55.8199996948242 62.7299995422363 69.629997253418 68.5100021362305 61.6699981689453 54.8499984741211 49.5 46.5099983215332 44.439998626709 42.9900016784668 41.5200004577637 40.9000015258789 41.2200012207031 42.9599990844727 45.439998626709 45.8600006103516 45.2799987792969 45.9500007629395 46 45.4000015258789 43.9199981689453 41.2999992370605 37.6599998474121 34.9900016784668 33.0900001525879 31.3199996948242 31.3400001525879 33.0099983215332 35.5166664123535 -3.4e+38 -3.4e+38
1.4099999666214 2.77999997138977 4.67999982833862 6.23999977111816 9.48999977111816 15.2899999618530 17.2600002288818 15.5 13.6300001144409 11.5500001907349 11.1800003051758 12.0100002288818 14.2399997711182 17.9899997711182 22.5200004577637 26.1599998474121 30.0100002288818 35.1300010681152 39.8499984741211 42.9500007629395 45.0800018310547 47.6300010681152 50.4300003051758 53.7999992370605 57.6199989318848 63.5 68.75 67.5800018310547 61.2000007629395 54.5400009155273 49.2299995422363 46.6500015258789 45.560001373291 44.0900001525879 42.4599990844727 41.439998626709 41.3400001525879 42.4099998474121 43.6599998474121 44.2599983215332 44.1300010681152 44.8899993896484 45.9599990844727 46.0499992370605 45.1800003051758 42.1300010681152 36.6500015258789 32.2400016784668 30.5 29.0400009155273 28.640625 33 36 -3.4e+38 -3.4e+38
2.25 3.71000003814697 5.40000009536743 6.80000019073486 9.73999977111816 14.0600004196167 16.25 15.3000001907349 13.7100000381470 12.7799997329712 12.6999998092651 13.1999998092651 14.75 17.6700000762939 21.7299995422363 25.6700000762939 29.3400001525879 33 36.7000007629395 40.1100006103516 43.7700004577637 47.2200012207031 50.2200012207031 53.5800018310547 57.1800003051758 60.9300003051758 64.0100021362305 63.3400001525879 58.8899993896484 52.5999984741211 47.3699989318848 46.3199996948242 46.9599990844727 45.0999984741211 43.1599998474121 41.5999984741211 40.9500007629395 41.1599998474121 41.689998626709 42.3899993896484 42.4000015258789 43.2299995422363 45.5299987792969 47.7200012207031 47.75 44.1300010681152 38.5 35.5099983215332 35.328125 28.6000003814697 28 -3.4e+38 -3.4e+38 -3.4e+38 -3.4e+38
2.75999999046326 4.65999984741211 6.21000003814697 8.02999973297119 10.9200000762939 13.6099996566772 15.0399999618530 15.0100002288818 14.4300003051758 13.8999996185303 13.8999996185303 14.3100004196167 15.4099998474121 17.4200000762939 21.2000007629395 25.7000007629395 29.3899993896484 32.1699981689453 35.1199989318848 38.7700004577637 42.5299987792969 46.4799995422363 49.3400001525879 52.3699989318848 55.3699989318848 58.0800018310547 59.9500007629395 59.6800003051758 56.7799987792969 52.1699981689453 47.8800010681152 46.9099998474121 47.6199989318848 46.0999984741211 44.0999984741211 41.8600006103516 39.9199981689453 39.7400016784668 40.5999984741211 41.5900001525879 43.1100006103516 46.4900016784668 49.189998626709 52.8400001525879 57.09375 44.5999984741211 39 36.4000015258789 37 -3.4e+38 -3.4e+38 -3.4e+38 -3.4e+38 -3.4e+38 -3.4e+38
3.41000008583069 4.92000007629395 6.44999980926514 8.85000038146973 11.3599996566772 12.0900001525879 13.9600000381470 15 14.6599998474121 14.3199996948242 14.8999996185303 15.3000001907349 16.3099994659424 18.4599990844727 22.4300003051758 26.9099998474121 31.3400001525879 34.4500007629395 37.25 41.2000007629395 44.8300018310547 47.2999992370605 49 50.9799995422363 53.1800003051758 55.6699981689453 57.7599983215332 57.8899993896484 56.2799987792969 53.5800018310547 50.4599990844727 48.8400001525879 48.5499992370605 47.0900001525879 45.0999984741211 42.7299995422363 40.5900001525879 40.1800003051758 40.560001373291 42.0800018310547 53.939998626709 74.7200012207031 80.015625 54.0999984741211 60 -3.4e+38 -3.4e+38 -3.4e+38 -3.4e+38 -3.4e+38 -3.4e+38 -3.4e+38 -3.4e+38 -3.4e+38 -3.4e+38
