pkg/rmaxent/inst/layers/pre6190_ann.asc
NCOLS 122 
NROWS 160 
XLLCORNER -94.8 
YLLCORNER -56.45 
CELLSIZE 0.5 
NODATA_value -3.4e+38 
[rows 48 to 71 of 160, columns 54 to 107 of 122]
82.1999969482422 77.8600006103516 75.2200012207031 73.3000030517578 71.620002746582 70.5299987792969 69.6800003051758 69.0199966430664 69 68.4199981689453 66.9899978637695 64.4800033569336 61.8899993896484 59.5900001525879 57.560001373291 56.4300003051758 55.3300018310547 54.4199981689453 53.9000015258789 53.9000015258789 53.9000015258789 53.9000015258789 53.9799995422363 54 54 54 54.5400009155273 56 58.4000015258789 61.4099998474121 64.4100036621094 66.5800018310547 67.6999969482422 68.6900024414062 69.9300003051758 72.7600021362305 77.0999984741211 81.7699966430664 82.7099990844727 79.5208358764648 76.6999969482422 72.0888900756836 69.7962951660156 -3.4e+38 -3.4e+38 -3.4e+38 -3.4e+38 -3.4e+38 -3.4e+38 -3.4e+38 -3.4e+38 -3.4e+38 -3.4e+38 -3.4e+38
80.0699996948242 76.9199981689453 74.3000030517578 72.3000030517578 70.7399978637695 69.7399978637695 69.0199966430664 69 69 68.5299987792969 67.1800003051758 65.0500030517578 62.7400016784668 60.560001373291 59.0200004577637 57.560001373291 56.5099983215332 55.5099983215332 54.9000015258789 54.9000015258789 54.9500007629395 55.0900001525879 54.9799995422363 54.5299987792969 53.7700004577637 53.0999984741211 53.1199989318848 53.9599990844727 56.4099998474121 59.7999992370605 63.3400001525879 65.4800033569336 66.120002746582 66.3099975585938 67.1699981689453 70.25 74.8099975585938 78.9000015258789 80.6600036621094 78.3099975585938 74.0299987792969 69.6600036621094 67.3020858764648 64.9777755737305 63.0444450378418 62 -3.4e+38 -3.4e+38 -3.4e+38 -3.4e+38 -3.4e+38 -3.4e+38 -3.4e+38 -3.4e+38
78.3300018310547 75.8499984741211 73.2799987792969 71.2699966430664 69.8099975585938 69.0199966430664 68.6800003051758 68.0999984741211 68.0500030517578 67.6399993896484 66.2300033569336 64.620002746582 63.1100006103516 61.5200004577637 60.3699989318848 58.9700012207031 57.4599990844727 56.4199981689453 55.439998626709 55.2599983215332 56.2099990844727 56.7400016784668 56.4799995422363 55.5499992370605 54.1500015258789 52.8699989318848 51.75 51.8499984741211 54.8600006103516 58.6800003051758 62.4700012207031 64.5899963378906 64.2099990844727 64.1999969482422 64.6999969482422 67.4100036621094 71.8600006103516 75.1800003051758 76.4800033569336 75.1100006103516 71.5100021362305 67.8399963378906 65.0699996948242 62.9000015258789 61.7400016784668 61.03125 60.9074058532715 -3.4e+38 -3.4e+38 -3.4e+38 -3.4e+38 -3.4e+38 -3.4e+38 -3.4e+38
76.4800033569336 74.4100036621094 72 70.1600036621094 69.5299987792969 68.6800003051758 68.0199966430664 67.6699981689453 66.75 65.8899993896484 64.8300018310547 63.75 63.0099983215332 62.4300003051758 61.1500015258789 59.6599998474121 58.1300010681152 56.5699996948242 55.5400009155273 55.4000015258789 56.7400016784668 58.2000007629395 58.2599983215332 56.9500007629395 55.0800018310547 54.1599998474121 53.7599983215332 52.939998626709 54.4099998474121 57.4300003051758 60.5 62.2200012207031 61.8499984741211 61.7200012207031 62.9599990844727 65.4499969482422 68.75 71.3399963378906 72.0599975585938 70.7399978637695 68.1900024414062 65.4100036621094 62.9000015258789 60.7999992370605 59.7999992370605 59.8800010681152 58.3854179382324 54.3333320617676 50.3611106872559 50.2222213745117 -3.4e+38 -3.4e+38 -3.4e+38 -3.4e+38
75.3000030517578 73.3199996948242 71.3499984741211 69.7399978637695 68.8000030517578 68.0199966430664 67.7099990844727 66.6999969482422 65.6399993896484 64.6500015258789 63.7299995422363 63.0200004577637 63 62.5400009155273 61.9099998474121 60.9700012207031 58.7799987792969 56.3499984741211 55.0299987792969 55.3699989318848 56.9000015258789 58.6199989318848 58.9099998474121 57.2000007629395 55.5299987792969 54.9900016784668 55.1199989318848 55.1300010681152 55.2700004577637 56.8300018310547 58.5800018310547 59.3899993896484 59.25 59.5999984741211 61.4199981689453 64.3099975585938 66.9300003051758 68.2799987792969 68.0899963378906 66.6999969482422 64.5599975585938 62.1300010681152 59.8899993896484 58.6399993896484 57.6699981689453 57.5999984741211 57.7599983215332 56.5208320617676 54.2340431213379 51.7395820617676 49.2666664123535 44.2222213745117 38.9888877868652 35.5999984741211
74.3099975585938 72.6600036621094 71.1999969482422 69.5999984741211 68.5999984741211 68 67.2200012207031 65.3600006103516 63.8600006103516 63.1800003051758 62.6500015258789 62.0999984741211 62.0999984741211 62.0200004577637 62 61.5299987792969 59.6699981689453 56.7999992370605 54.9000015258789 55.0499992370605 56.7999992370605 58.0900001525879 57.8199996948242 56.6199989318848 55.5400009155273 55 55 55.4799995422363 55.9799995422363 56.4099998474121 57.2200012207031 57.3899993896484 57.0999984741211 57.6500015258789 60.3800010681152 63.3400001525879 65.5299987792969 65.8300018310547 64.879997253418 63.0800018310547 60.7000007629395 58.5499992370605 56.5099983215332 55.0400009155273 54.4599990844727 54.689998626709 54.9000015258789 54.0299987792969 52.4700012207031 50.4199981689453 48.0400009155273 44.3800010681152 40.5400009155273 37.1100006103516
73.6100006103516 72.2399978637695 70.6900024414062 69.5699996948242 68.5299987792969 67.6699981689453 66.2900009155273 64.3000030517578 62.3600006103516 61.4000015258789 61.2799987792969 61.5 62 62 62 61.5400009155273 60.1500015258789 58.0200004577637 56.3600006103516 56.0499992370605 56.6199989318848 57.0900001525879 56.7999992370605 55.7999992370605 55.0200004577637 55 55.2000007629395 55.9799995422363 56 56 56.5 57 57 57.6399993896484 60.0999984741211 62.7099990844727 64.0100021362305 63.3800010681152 61.5200004577637 59.189998626709 56.6300010681152 54.5800018310547 52.5699996948242 51.2700004577637 51.0999984741211 51.2200012207031 51.2799987792969 50.8699989318848 49.8600006103516 48.7099990844727 46.7999992370605 44.1599998474121 41.6300010681152 38.1800003051758
72.7300033569336 71.620002746582 70.5999984741211 69.3399963378906 67.7799987792969 66.7300033569336 65.2900009155273 63.3199996948242 61.439998626709 60.1100006103516 60.560001373291 61 61.560001373291 62 61.7999992370605 61.0200004577637 60.3199996948242 58.6500015258789 57.8600006103516 57.7000007629395 57.4300003051758 57 56.689998626709 55.689998626709 54.8300018310547 54.6500015258789 55 55.6199989318848 56 56 56 56.0999984741211 56.560001373291 57.4099998474121 58.9300003051758 60.6599998474121 61.2999992370605 60.4900016784668 58.1199989318848 55.2000007629395 52.2599983215332 49.8199996948242 47.8199996948242 46.5499992370605 46.5 46.5200004577637 46.9000015258789 47.3600006103516 47.1399993896484 46.3400001525879 44.6500015258789 43.310001373291 41.3600006103516 37.4799995422363
71.7300033569336 71.0199966430664 70.5 69.120002746582 67.2399978637695 65.7799987792969 64.3099975585938 62.689998626709 61.5299987792969 60.5099983215332 60.4599990844727 61 61.4000015258789 62 62 61.439998626709 60.5900001525879 59.7799987792969 59.4199981689453 58.9000015258789 58.5400009155273 57.9799995422363 57.5099983215332 56.5099983215332 55.5099983215332 55.2799987792969 55.9000015258789 55.9799995422363 56 56 56 56 56.3400001525879 57 57.5900001525879 58.689998626709 58.9599990844727 57.6300010681152 54.8400001525879 51.3199996948242 48.2000007629395 45.7000007629395 43.7000007629395 42.0800018310547 41.5999984741211 41.9000015258789 42.7999992370605 43.4199981689453 43.439998626709 42.7000007629395 40.7400016784668 39.1199989318848 36.8300018310547 32.0200004577637
70.6500015258789 70.0500030517578 69.2900009155273 67.8300018310547 66.620002746582 65.2399978637695 63.689998626709 62.5999984741211 61.5999984741211 61 60.9799995422363 61 61.4000015258789 62 62 61.6599998474121 61 60.9000015258789 60.5400009155273 60.0999984741211 59.8499984741211 59.4199981689453 58.5400009155273 57.5800018310547 56.5800018310547 56.1800003051758 56.0800018310547 56 56 56 56 56 56 56.0999984741211 56.5400009155273 57.4799995422363 57.6300010681152 55.8699989318848 52.6199989318848 48.3199996948242 44.3699989318848 41.7900009155273 39.7700004577637 38.1699981689453 37.5099983215332 37.8899993896484 38.8899993896484 39.7599983215332 39.9000015258789 38.9799995422363 37.0900001525879 34.0200004577637 30.7000007629395 26.6200008392334
69.2300033569336 68.6600036621094 67.7399978637695 66.6600036621094 65.7300033569336 64.6100006103516 63.5299987792969 62.5400009155273 61.5999984741211 61 61 61 61.4599990844727 62 62 62 61.9000015258789 61.9000015258789 61.7700004577637 61.7000007629395 61.4500007629395 60.5800018310547 59.8499984741211 59.3300018310547 58.3300018310547 57.7000007629395 57.3899993896484 56.5299987792969 56 56.3199996948242 56.5 56 56 56 56 56.1800003051758 55.7900009155273 54 50.689998626709 46.3499984741211 42.2599983215332 39.310001373291 37.0900001525879 35.9300003051758 34.9799995422363 34.9000015258789 35.8400001525879 36.5099983215332 36.4700012207031 35.5400009155273 33.2999992370605 30 26.3899993896484 22.3799991607666
67.6600036621094 66.8099975585938 65.8899993896484 65.2300033569336 64.6500015258789 63.7299995422363 62.7400016784668 62.0200004577637 61.5400009155273 61 61.2599983215332 61.9000015258789 61.9799995422363 62 62 62.3199996948242 62.9000015258789 62.9000015258789 62.9000015258789 62.9000015258789 62.7700004577637 62.3300018310547 61.4199981689453 60.5099983215332 59.5099983215332 58.5299987792969 58 57.4799995422363 56.9000015258789 56.9799995422363 57 56.439998626709 55.7400016784668 55.0999984741211 55.0999984741211 54.75 53.8600006103516 52.0499992370605 49.439998626709 46.3300018310547 42.7400016784668 39.7799987792969 37.1699981689453 35.3800010681152 34.0299987792969 34 34.2299995422363 34.3400001525879 33.8800010681152 32.5699996948242 30.5100002288818 27.9500007629395 24.5200004577637 21.4899997711182
65.8000030517578 65.1800003051758 64.6399993896484 63.6699981689453 63.2299995422363 62.6500015258789 62.0200004577637 61.6800003051758 61.0200004577637 61 61.3400001525879 62 62 62 62.2599983215332 62.9799995422363 63 63.2599983215332 63.9000015258789 63.9500007629395 63.9700012207031 63.4500007629395 62.4199981689453 61.4199981689453 60.4799995422363 59.5099983215332 58.5299987792969 58 57.439998626709 57 57 56.5400009155273 55.5999984741211 55 54.6699981689453 53.7299995422363 52.3699989318848 50.7700004577637 49.2000007629395 46.7900009155273 44.1199989318848 41.2999992370605 38.1500015258789 36.0999984741211 34.5400009155273 33.7700004577637 33.0999984741211 32.75 31.8600006103516 30.3999996185303 28.3999996185303 26 22.9500007629395 20.2900009155273
63.810001373291 63.3499984741211 62.7999992370605 62.1800003051758 61.6699981689453 61.2799987792969 61.0999984741211 61.0200004577637 61 61 61 61.0999984741211 61.560001373291 62 62.3400001525879 63 63 63.4000015258789 64.2600021362305 65.1800003051758 65.3199996948242 64.1100006103516 62.6599998474121 61.689998626709 61 60.4199981689453 59.4199981689453 58.439998626709 57.6599998474121 57 56.7400016784668 56.0200004577637 55.5299987792969 54.6699981689453 53.7299995422363 52.7299995422363 51.6100006103516 50.2400016784668 48.689998626709 47.4700012207031 45.8800010681152 43.060001373291 39.5999984741211 37.0999984741211 35.4599990844727 34.1100006103516 32.7400016784668 31.7700004577637 30.3500003814697 28.4799995422363 26.4599990844727 24 21.0300006866455 18.5
62.2299995422363 61.6599998474121 60.810001373291 60.3499984741211 60.1800003051758 60 60.0299987792969 60.0999984741211 60.5 61 61 61 61.3400001525879 62 62 62.560001373291 63 63.4000015258789 64.4000015258789 65.3399963378906 65.5400009155273 64.3199996948242 63 62.3600006103516 61.439998626709 60.5999984741211 59.5999984741211 58.6599998474121 58 57.439998626709 56.5999984741211 55.7400016784668 54.7999992370605 53.7999992370605 52.7999992370605 51.7700004577637 50.7299995422363 49.6100006103516 48.5299987792969 47.5299987792969 46.1800003051758 43.6399993896484 40.5900001525879 38.060001373291 36.1199989318848 34.2999992370605 32.5999984741211 31.3400001525879 29.3299999237061 27.2999992370605 24.9699993133545 22.0900001525879 19.4099998474121 17.6200008392334
60.6599998474121 59.7999992370605 59.0900001525879 58.6300010681152 58.2999992370605 58.2999992370605 58.5299987792969 59.4000015258789 59.9500007629395 60.5 61 61 61 61.0999984741211 61.4900016784668 62.3300018310547 63 63.3400001525879 64.3300018310547 65 65.0199966430664 64.4700012207031 63.2400016784668 62.0299987792969 61.5999984741211 60.5999984741211 59.5999984741211 59 58.439998626709 57.5999984741211 56.5999984741211 55.5999984741211 54.5999984741211 53.5699996948242 52.5400009155273 51.3400001525879 49.810001373291 48.7999992370605 47.7999992370605 46.7700004577637 45.2900009155273 42.939998626709 40.3499984741211 38.2999992370605 36.2999992370605 34.2999992370605 32.5999984741211 31.2099990844727 28.8099994659424 26.2800006866455 23.8199996948242 20.8500003814697 18.2999992370605 16.7399997711182
58.7999992370605 57.7700004577637 56.8499984741211 56.25 56.2000007629395 56.2000007629395 56.5699996948242 57.5999984741211 58.8600006103516 59.7900009155273 59.9000015258789 59.9900016784668 60 60.0299987792969 60.4799995422363 61.439998626709 62.4000015258789 62.9199981689453 63.5299987792969 64.0999984741211 64.0999984741211 64.0199966430664 63.5299987792969 62.4500007629395 61.5999984741211 60.5999984741211 59.5999984741211 59 58.5999984741211 57.5699996948242 56.5400009155273 55.5999984741211 54.5699996948242 53.2400016784668 52.0299987792969 51.2000007629395 49.5999984741211 48.5699996948242 47.5299987792969 46.2400016784668 44.4199981689453 42.3499984741211 40.2999992370605 38.2999992370605 36.2099990844727 34.2000007629395 32.5699996948242 30.8099994659424 27.9099998474121 24.9699993133545 22.0900001525879 19.4099998474121 17.2999992370605 15.75
56.7700004577637 55.4700012207031 54.2599983215332 53.810001373291 53.2999992370605 53.2999992370605 54.0400009155273 55.5200004577637 56.5900001525879 57.2999992370605 57.7099990844727 58.2799987792969 58.2999992370605 58.5299987792969 59.1500015258789 59.689998626709 60.689998626709 61.5999984741211 62.5299987792969 63.0999984741211 63.4900016784668 64 63.5400009155273 62.5999984741211 61.5999984741211 60.5999984741211 59.5999984741211 59 58.5299987792969 57.2999992370605 56.0299987792969 55.5699996948242 54.2400016784668 52.689998626709 51.7400016784668 50.6800003051758 49.5999984741211 48.3400001525879 46.810001373291 45.6500015258789 44.2000007629395 42.2099990844727 40.2000007629395 38.2099990844727 35.8400001525879 33.6599998474121 32.2000007629395 29.8199996948242 26.8199996948242 23.8500003814697 20.9400005340576 18.4200000762939 16.4400005340576 15.0799999237061
54.2599983215332 53.3600006103516 51.8800010681152 50.9700012207031 50.2400016784668 50.2200012207031 51.0900001525879 52.6399993896484 53.6699981689453 54.6300010681152 55.5299987792969 56.189998626709 56.2000007629395 56.6100006103516 57.5099983215332 58.439998626709 59.4700012207031 60.5299987792969 61.5299987792969 62.0999984741211 62.5400009155273 63.0999984741211 63.0200004577637 62.5400009155273 61.5999984741211 60.5999984741211 59.5999984741211 58.7400016784668 57.7999992370605 57.0099983215332 56.3800010681152 55.2400016784668 53.6599998474121 52.5400009155273 51.5999984741211 50.5999984741211 49.5699996948242 48.2000007629395 46.5699996948242 45.2400016784668 43.689998626709 41.9199981689453 39.689998626709 37.8400001525879 35.2599983215332 33.2200012207031 30.9699993133545 28.0900001525879 25.0900001525879 22.4099998474121 20.2299995422363 18.2000007629395 16.6399993896484 16.4099998474121
51.9700012207031 50.9799995422363 49.8899993896484 48.5299987792969 47.0099983215332 46.7999992370605 47.7599983215332 48.8300018310547 50.1599998474121 51.6699981689453 52.7200012207031 53.2999992370605 53.7099990844727 54.6300010681152 55.689998626709 56.689998626709 57.9799995422363 59.4300003051758 60.4700012207031 61.4900016784668 62 62.0999984741211 62.0999984741211 62.0200004577637 61.5699996948242 60.5299987792969 59.5299987792969 58.5400009155273 57.5999984741211 56.7400016784668 55.7999992370605 54.6800003051758 53.3400001525879 52.0299987792969 51.5999984741211 50.5699996948242 49.2400016784668 47.689998626709 46.3400001525879 44.689998626709 43.5699996948242 42.0499992370605 39.7799987792969 37.3499984741211 34.8800010681152 32.3300018310547 29.8500003814697 26.8500003814697 23.9099998474121 21.2800006866455 19.2700004577637 17.6900005340576 17.2600002288818 18.8899993896484
50.6599998474121 49.7299995422363 48.7000007629395 46.9000015258789 44.5699996948242 43.8600006103516 44.5099983215332 45.25 46.7900009155273 48.189998626709 49.75 50.7099990844727 51.5999984741211 52.9099998474121 54.3800010681152 55.439998626709 56.5 57.6300010681152 58.9799995422363 60.4300003051758 61.0499992370605 61.5 62 62 61.2400016784668 59.810001373291 58.7999992370605 58.0200004577637 57.5299987792969 56.5299987792969 55.5299987792969 54.5299987792969 53.2000007629395 52 51.5400009155273 50.3400001525879 48.689998626709 47.5999984741211 46.2999992370605 44.5699996948242 43.2400016784668 41.689998626709 39.8400001525879 37.310001373291 34.7999992370605 31.8799991607666 28.6499996185303 25.5 22.9099998474121 20 18.1599998474121 17.6000003814697 18.1200008392334 21.1800003051758
49.2799987792969 48.7299995422363 47.3499984741211 45.4300003051758 43.6599998474121 42.7200012207031 42.4000015258789 42.7599983215332 43.8899993896484 45.2299995422363 47.0900001525879 48.5499992370605 49.5999984741211 50.6599998474121 52.0900001525879 53.5499992370605 54.5999984741211 55.9300003051758 57.5200004577637 58.689998626709 59.9599990844727 61 61.0999984741211 61.0999984741211 60.6100006103516 59.5299987792969 58.5299987792969 57.6699981689453 56.7299995422363 55.7299995422363 54.7299995422363 53.7299995422363 52.6199989318848 51.7400016784668 51.0200004577637 50.2000007629395 48.5999984741211 47.5999984741211 46.2999992370605 44.25 42.6300010681152 41.6599998474121 40.189998626709 37.7799987792969 34.8300018310547 31.8400001525879 28.8099994659424 25.4799995422363 22.0799999237061 19.3099994659424 17.6800003051758 17.4500007629395 19.0799999237061 22.1200008392334
48.7700004577637 47.7700004577637 46.310001373291 44.6599998474121 43.2400016784668 41.810001373291 41.0999984741211 41.4799995422363 42.439998626709 43.5 44.6599998474121 46.0900001525879 47.5200004577637 48.560001373291 49.689998626709 51.1300010681152 52.5499992370605 54 55.9300003051758 57.4599990844727 58.8800010681152 60.4199981689453 61 60.6699981689453 59.7000007629395 58.6399993896484 57.6500015258789 56.7299995422363 55.7299995422363 54.7299995422363 53.7400016784668 52.7999992370605 52.0200004577637 51.5400009155273 50.7400016784668 49.6800003051758 48.5699996948242 47.5299987792969 46.1599998474121 43.7200012207031 41.9599990844727 42 41.1199989318848 38.7799987792969 35.4099998474121 32.1699981689453 29.9099998474121 26.7000007629395 22.7199993133545 19.4599990844727 17.1200008392334 17.7600002288818 19.75 22.5900001525879
49.1500015258789 47.3800010681152 45.7200012207031 44.3600006103516 42.7200012207031 41.5699996948242 40.6699981689453 40.2299995422363 40.6399993896484 41.6300010681152 42.689998626709 43.75 44.8400001525879 46.1100006103516 47.9099998474121 49.0699996948242 50.1100006103516 52 53.9799995422363 55.8499984741211 57.4099998474121 58.8600006103516 59.8800010681152 59.5699996948242 58.2299995422363 56.810001373291 56.2299995422363 55.6500015258789 54.7299995422363 53.7299995422363 53.0200004577637 52.5299987792969 51.6800003051758 51.0200004577637 50.5299987792969 49.5299987792969 48.2200012207031 46.7400016784668 44.9599990844727 42.0900001525879 40.6500015258789 41.8699989318848 42.3300018310547 40.1199989318848 36.2200012207031 32.7000007629395 29.8500003814697 26.7800006866455 23.6299991607666 20.6100006103516 18.4899997711182 18.2600002288818 20.4200000762939 22.9599990844727
