pkg/rmaxent/inst/layers/pre6190_l4.asc
NCOLS 122 
NROWS 160 
XLLCORNER -94.8 
YLLCORNER -56.45 
CELLSIZE 0.5 
NODATA_value -3.4e+38 
[rows 48 to 71 of 160, columns 55 to 109 of 122]
98.629997253418 96.120002746582 94.5299987792969 93.0800018310547 91.9100036621094 91.7699966430664 91.6999969482422 91.9800033569336 92 90.6600036621094 88.2600021362305 86.1399993896484 84.75 83.5999984741211 83.5800018310547 83.5 83.5999984741211 84.1399993896484 85.5800018310547 87.6399993896484 89.5999984741211 92.0199966430664 94.6900024414062 97.1100006103516 100.169998168945 103.330001831055 106.650001525879 110.519996643066 114.519996643066 118.209999084473 120.580001831055 121.830001831055 122.839996337891 125.400001525879 132.210006713867 143.720001220703 158.089996337891 158.179992675781 148.927078247070 152.433334350586 140.766662597656 130.351852416992 -3.4e+38 -3.4e+38 -3.4e+38 -3.4e+38 -3.4e+38 -3.4e+38 -3.4e+38 -3.4e+38 -3.4e+38 -3.4e+38 -3.4e+38 -3.4e+38 -3.4e+38
98.8000030517578 96.3000030517578 94.599998474121 93.5899963378906 92.9100036621094 92.9000015258789 92.9000015258789 93.2799987792969 93.7699966430664 92.9000015258789 90.9100036621094 89.3000030517578 88.2099990844727 87.5 87.2399978637695 86.7799987792969 87 87.5299987792969 88.4400024414062 90.0999984741211 91.5999984741211 93.6500015258789 95.6800003051758 98.0599975585938 101.160003662109 103.800003051758 106.25 109.709999084473 113.730003356934 117.410003662109 119.209999084473 118.550003051758 116.989997863770 117.639999389648 123.660003662109 133.009994506836 141.169998168945 142.979995727539 141.380004882812 140.990005493164 135.5 131.71875 133.266662597656 131.688888549805 127.648147583008 -3.4e+38 -3.4e+38 -3.4e+38 -3.4e+38 -3.4e+38 -3.4e+38 -3.4e+38 -3.4e+38 -3.4e+38 -3.4e+38
98.7600021362305 96.3000030517578 94.599998474121 94 93.900001525879 93.900001525879 93.900001525879 93.9800033569336 94 93.5899963378906 92.7200012207031 92.1699981689453 91.2300033569336 90.6999969482422 90.5800018310547 90.129997253418 89.7600021362305 89.8899993896484 90.5999984741211 92.1399993896484 93.5800018310547 95.1600036621094 96.3099975585938 98.5599975585938 102.360000610352 104.940002441406 106.120002746582 108.790000915527 112.970001220703 117.300003051758 118.5 115.720001220703 112.470001220703 111.900001525879 116.550003051758 123.819999694824 127.510002136230 127.209999084473 127.970001220703 129.089996337891 127.569999694824 127.019996643066 128.419998168945 130.460006713867 135.020828247070 140.481475830078 -3.4e+38 -3.4e+38 -3.4e+38 -3.4e+38 -3.4e+38 -3.4e+38 -3.4e+38 -3.4e+38 -3.4e+38
98.349998474121 96.3000030517578 94.6600036621094 94 94 94 94 94 94 94 93.900001525879 93.7699966430664 93.6399993896484 93.6900024414062 93.370002746582 92.4400024414062 91.75 91.6999969482422 92.1100006103516 93.5999984741211 95.099998474121 95.9700012207031 96.2799987792969 98.349998474121 102.370002746582 106.239997863770 108 108.709999084473 111.690002441406 114.910003662109 115.440002441406 113.040000915527 110.889999389648 111.330001831055 115.25 119.889999389648 121.5 120.730003356934 120.690002441406 120.930000305176 120.769996643066 121.019996643066 122.720001220703 126.720001220703 133.559997558594 133.354171752930 124.277778625488 119.194442749023 119.111114501953 -3.4e+38 -3.4e+38 -3.4e+38 -3.4e+38 -3.4e+38 -3.4e+38
98.3399963378906 96.370002746582 95.0800018310547 94.900001525879 94.900001525879 94.900001525879 94.4100036621094 94 94 94 94.2600021362305 94.900001525879 95.2699966430664 96.0500030517578 96.1699981689453 94.8600006103516 93.0400009155273 92 92.3399963378906 93.75 95.2200012207031 95.5100021362305 94.9700012207031 96.0100021362305 99.9599990844727 105.309997558594 107.379997253418 107.739997863770 109.470001220703 110.870002746582 111.139999389648 110.290000915527 110.709999084473 113.290000915527 117.389999389648 120.370002746582 120.300003051758 118.400001525879 116.589996337891 115.160003662109 114.610000610352 114.919998168945 116.620002746582 120.760002136230 127.629997253418 132.539993286133 132.96875 130.712768554688 126.760414123535 123.644447326660 114.944442749023 104.255554199219 97.8666687011719 90.6999969482422 85.3222198486328
99.0699996948242 97.4400024414062 96.4199981689453 95.900001525879 95.4400024414062 95 94.2399978637695 93.1100006103516 93.0999984741211 93.4899978637695 94.370002746582 95.1999969482422 96.1900024414062 97.1600036621094 97.7699966430664 96.4700012207031 94.0599975585938 92.4499969482422 92 92.5400009155273 93.2099990844727 92.879997253418 91.870002746582 92.3000030517578 95.5899963378906 100.269996643066 103.290000915527 104.730003356934 105.879997253418 106.889999389648 107.510002136230 107.5 109.739997863770 115.129997253418 120.569999694824 122.900001525879 120.25 116.410003662109 112.690002441406 109.650001525879 108.080001831055 107.690002441406 108.599998474121 111.930000305176 118.199996948242 124.120002746582 126.370002746582 125.669998168945 123.220001220703 119.809997558594 114.75 109.050003051758 103.319999694824 94.379997253418 84.7200012207031
99.620002746582 98.5199966430664 97.4499969482422 96.4400024414062 95.599998474121 94.7099990844727 93.6100006103516 92.6699981689453 92.0999984741211 92.5699996948242 93.870002746582 95 95.870002746582 97 97.099998474121 96.3399963378906 94.3199996948242 92.6900024414062 91.8300018310547 91.2300033569336 90.9300003051758 89.620002746582 88.0599975585938 88.1800003051758 90.9899978637695 95.1399993896484 98.6999969482422 101.120002746582 102.669998168945 103.75 105.050003051758 106.669998168945 109.75 115.459999084473 122.239997863770 124.410003662109 118.870002746582 112.699996948242 107.379997253418 102.930000305176 100.019996643066 98.9100036621094 99.3399963378906 102.029998779297 107.449996948242 112.709999084473 115.459999084473 116.389999389648 116.050003051758 114.610000610352 112.059997558594 108.970001220703 103.389999389648 89.7099990844727 71.5299987792969
100.360000610352 99.4199981689453 98.1100006103516 96.5699996948242 95.5299987792969 94.2399978637695 92.8099975585938 91.8000030517578 91.0999984741211 91.9899978637695 93.4100036621094 94.4800033569336 95.400001525879 96.0899963378906 96.5 96.1999969482422 94.5299987792969 93.4300003051758 92.4199981689453 91.2099990844727 89.4800033569336 87.5999984741211 85 83.7699966430664 86.4800033569336 90.6399993896484 94.6900024414062 97.3300018310547 99.1800003051758 101.029998779297 102.919998168945 104.919998168945 107.739997863770 112.180000305176 116.860000610352 117.639999389648 112.830001831055 105.889999389648 99.4499969482422 94.3099975585938 91.1100006103516 89.6500015258789 89.9000015258789 92.2300033569336 96.2399978637695 100.839996337891 103.949996948242 105.800003051758 107.180000305176 107.709999084473 108.010002136230 106.220001220703 99.7399978637695 83.8899993896484 64.8099975585938
99.9400024414062 99.5 98.120002746582 96.2200012207031 94.7399978637695 93.6100006103516 92.5400009155273 91.5999984741211 91.2600021362305 92.2600021362305 93 93.5999984741211 94.599998474121 95.5 96 95.620002746582 94.6600036621094 93.6900024414062 92.6900024414062 91.3399963378906 89.3399963378906 87.3399963378906 84.8099975585938 83.4800033569336 85.25 88.4199981689453 91.5599975585938 94.0800018310547 96.0699996948242 98.0800018310547 100.059997558594 101.980003356934 104.080001831055 107.099998474121 109.739997863770 109.180000305176 105.120002746582 98.099998474121 91.0199966430664 85.2900009155273 82.0500030517578 80.5599975585938 80.7399978637695 82.7399978637695 85.7200012207031 89.4300003051758 92.4300003051758 94.5899963378906 95.9800033569336 97.099998474121 97.1100006103516 94.75 86.7099990844727 72.1900024414062 59.2799987792969
98.349998474121 98.1600036621094 96.6699981689453 95.1800003051758 93.6600036621094 92.7300033569336 92.0199966430664 91.5400009155273 91.3399963378906 92 92.4899978637695 93.3300018310547 94.2799987792969 94.9199981689453 95.099998474121 95.0199966430664 95 94.3600006103516 93.4199981689453 92.0699996948242 90.0999984741211 88.0999984741211 86.0400009155273 84.4599990844727 85.0100021362305 86.9800033569336 89.120002746582 90.870002746582 92.6699981689453 94.7900009155273 96.2699966430664 97.8199996948242 99.3399963378906 101.410003662109 102.699996948242 101.860000610352 98.1600036621094 91.0299987792969 82.8600006103516 76.2300033569336 72.8099975585938 72 72.379997253418 73.5299987792969 75.8499984741211 78.9300003051758 81.4400024414062 83.4899978637695 84.4499969482422 84.7399978637695 83.2099990844727 79.3099975585938 71.5100021362305 59.7700004577637 52.8600006103516
94.8000030517578 94.9700012207031 93.9400024414062 92.8600006103516 92.0899963378906 91.6100006103516 91 90.9199981689453 90.9300003051758 91.0999984741211 91.5400009155273 92.4800033569336 93.1500015258789 93.5999984741211 94.4400024414062 94.9199981689453 94.6800003051758 94.0199966430664 93.7099990844727 92.6600036621094 91.0999984741211 89.0999984741211 87.0999984741211 85.7799987792969 85.8499984741211 86.3499984741211 87.4899978637695 88.5800018310547 89.9800033569336 91.6399993896484 92.379997253418 93.2799987792969 94.75 95.8399963378906 96.1399993896484 94.4800033569336 90.5100021362305 84.0199966430664 76.5500030517578 69.9000015258789 66.1999969482422 64.9499969482422 65.3499984741211 66.3099975585938 67.75 69.8399963378906 71.4599990844727 72.3399963378906 72.2699966430664 71.6699981689453 69.0400009155273 64.3499984741211 56.9599990844727 49.4000015258789 49.8600006103516
90.7799987792969 91.2799987792969 90.870002746582 90.2399978637695 89.8099975585938 89.2399978637695 89.2900009155273 89.3300018310547 89.5599975585938 90.4000015258789 90.8899993896484 91.1600036621094 91.5999984741211 92.4800033569336 93.1500015258789 93.5999984741211 94.0199966430664 94 94.2099990844727 93.9599990844727 92.0699996948242 89.9700012207031 87.9599990844727 86.2200012207031 85.1100006103516 85.2300033569336 85.6399993896484 86.2099990844727 86.8000030517578 87.8899993896484 88.5 88.8899993896484 89.5299987792969 89.7399978637695 89.0299987792969 86.7399978637695 83.2799987792969 78.2200012207031 72.120002746582 66.7399978637695 63.0800018310547 61.0099983215332 60.5999984741211 61.060001373291 61.6599998474121 62.2999992370605 62.939998626709 62.3400001525879 60.9799995422363 59.5900001525879 56.689998626709 52.3400001525879 47.0499992370605 43.939998626709 47.560001373291
86.5 86.879997253418 87.2799987792969 87.1999969482422 86.870002746582 86.6399993896484 87.1900024414062 87.5199966430664 88.1500015258789 88.6399993896484 89.2799987792969 89.5100021362305 90.370002746582 91.0299987792969 91.5100021362305 92.4400024414062 93.4300003051758 94 94.4300003051758 94.5299987792969 92.629997253418 89.8099975585938 87.5899963378906 86.120002746582 84.6399993896484 83.9100036621094 84.0299987792969 83.8399963378906 83.7900009155273 84.6900024414062 85.1999969482422 84.9599990844727 84.5400009155273 84.1600036621094 82.8300018310547 80.5199966430664 77.4599990844727 73.4400024414062 68.7600021362305 64.6699981689453 61.0900001525879 58.5499992370605 57.4000015258789 57.4199981689453 57.1500015258789 56.6300010681152 56.0200004577637 54.2299995422363 51.8699989318848 49.1300010681152 46.1500015258789 42.9099998474121 39.9300003051758 39.7000007629395 45.7799987792969
82.4000015258789 82.5 82.9000015258789 83.4000015258789 83.379997253418 83.7300033569336 84.6399993896484 85.5299987792969 86.4400024414062 87.0299987792969 87.1900024414062 87.2200012207031 87.7799987792969 88.6399993896484 89.5299987792969 90.5299987792969 91.8600006103516 93.3099975585938 94.4700012207031 94.5400009155273 91.7799987792969 88.7699966430664 86.2799987792969 84.7399978637695 83.2799987792969 81.879997253418 81.3099975585938 81.2399978637695 81.2200012207031 81.3600006103516 81.3399963378906 80.9400024414062 80.0199966430664 78.9000015258789 77.25 75.629997253418 72.8199996948242 69.2600021362305 66.0400009155273 62.9000015258789 59.8300018310547 57.2200012207031 55.3899993896484 54.4000015258789 53.9300003051758 52.6399993896484 50.8300018310547 48.4500007629395 45.25 41.7700004577637 38.6699981689453 35.5800018310547 33.689998626709 36.1199989318848 44.7099990844727
78.4000015258789 78.4000015258789 78.8000030517578 79.4000015258789 79.7099990844727 80.6399993896484 81.6399993896484 82.6699981689453 83.7200012207031 84.3000030517578 84.3000030517578 84.5999984741211 85.129997253418 85.7300033569336 86.7300033569336 87.7300033569336 89.0899963378906 90.6399993896484 91.9800033569336 92.2600021362305 89.5 86.4100036621094 84.2799987792969 82.6500015258789 81.2900009155273 79.7300033569336 78.8499984741211 78.3099975585938 78.3000030517578 77.9100036621094 77.0899963378906 76.3000030517578 75.5400009155273 74.5699996948242 72.629997253418 70.8099975585938 68.3300018310547 65.5999984741211 63.1500015258789 60.4799995422363 57.9500007629395 55.4000015258789 53.7400016784668 52.3699989318848 51.0099983215332 49.5699996948242 47.2900009155273 44.3899993896484 41.2799987792969 37.7700004577637 33.6500015258789 29.7000007629395 28.5200004577637 31.9200000762939 38.939998626709
74.3000030517578 74.3000030517578 74.7399978637695 75.3000030517578 75.7399978637695 76.7399978637695 77.75 79.1399993896484 80.6399993896484 81.1999969482422 81.1999969482422 81.3199996948242 81.7399978637695 82.6800003051758 83.6399993896484 84.6399993896484 85.7099990844727 86.7799987792969 87.8099975585938 87.7200012207031 85.6600036621094 83.129997253418 80.7399978637695 79.0999984741211 77.9800033569336 76.879997253418 76.1800003051758 75.75 75.2399978637695 74.5100021362305 73.4000015258789 72.8399963378906 71.5899963378906 69.8399963378906 68.1999969482422 66.7300033569336 64.5999984741211 62.5 60.4300003051758 58.0200004577637 55.5099983215332 53.4000015258789 51.7999992370605 50.4000015258789 48.7999992370605 47.4500007629395 45.4300003051758 42.4700012207031 38.7299995422363 34.8600006103516 30.8099994659424 26.8500003814697 25.3700008392334 28.1700000762939 32.4799995422363
69.5400009155273 69.5 69.9499969482422 70.5 70.9499969482422 71.9599990844727 73.2799987792969 75.1800003051758 76.6800003051758 77.2900009155273 77.3199996948242 77.4000015258789 78.0599975585938 79.2200012207031 79.7399978637695 80.7399978637695 81.7399978637695 82.4000015258789 82.8899993896484 82.9700012207031 81.5899963378906 79.5699996948242 77.5 75.8899993896484 74.5100021362305 73.4599990844727 72.9599990844727 72.4000015258789 71.870002746582 70.9700012207031 69.9199981689453 69 67.6999969482422 66.0400009155273 64.9400024414062 63.4900016784668 61.5 59.5400009155273 57.5800018310547 55.5099983215332 53.3699989318848 51.3600006103516 49.7999992370605 48.4000015258789 46.810001373291 46.1100006103516 44.4599990844727 40.7400016784668 37.0400009155273 33.5499992370605 29.6000003814697 26.2900009155273 25 26.1100006103516 28.2700004577637
65.0599975585938 64.5999984741211 64.9899978637695 65.5 65.9499969482422 67.2399978637695 68.75 70.2200012207031 71.5199966430664 72.0400009155273 72.8399963378906 73.3000030517578 73.8199996948242 74.5999984741211 75.0100021362305 75.9899978637695 76.9499969482422 77.5199966430664 77.5699996948242 77.5500030517578 76.9800033569336 75.879997253418 74.3600006103516 72.5199966430664 70.9800033569336 70.2099990844727 69.8399963378906 68.9000015258789 68.0899963378906 67.4599990844727 66.5400009155273 65.0899963378906 64.0299987792969 62.939998626709 61.9300003051758 60.4900016784668 58.5400009155273 56.8699989318848 55.3199996948242 53.3600006103516 51.0999984741211 48.9900016784668 47.8600006103516 46.4199981689453 45.2299995422363 44.6599998474121 43.2400016784668 39.9599990844727 35.9900016784668 32.8800010681152 29.6399993896484 26.7000007629395 25.3500003814697 25.9899997711182 25.5799999237061
61.0900001525879 60.439998626709 60.439998626709 60.5 60.8899993896484 62.2200012207031 63.5200004577637 64.4800033569336 66.0400009155273 66.9499969482422 67.9499969482422 68.5199966430664 69.2799987792969 70.3000030517578 70.7399978637695 71.4199981689453 71.9899978637695 72.7799987792969 72.9199981689453 72.2099990844727 71.5599975585938 71.0800018310547 70.0699996948242 68.9400024414062 67.5299987792969 66.4899978637695 66.0299987792969 65.4599990844727 64.9300003051758 64.2399978637695 63.4599990844727 61.8899993896484 60.8699989318848 59.9300003051758 58.9300003051758 57.4900016784668 55.8300018310547 54.3899993896484 52.5400009155273 50.9000015258789 49.3300018310547 47.6199989318848 46.2299995422363 44.7099990844727 43.5999984741211 42.7700004577637 41.4199981689453 38.939998626709 35.6699981689453 32.2799987792969 28.8299999237061 26.4699993133545 26.2600002288818 26.3899993896484 24.5900001525879
58 57 56.0999984741211 55.5400009155273 55.5499992370605 56.4599990844727 57.9000015258789 59.2200012207031 60.8499984741211 61.8899993896484 62.9500007629395 63.8400001525879 64.8099975585938 65.5199966430664 66.0100021362305 66.879997253418 67.4199981689453 67.629997253418 67.6500015258789 67.2099990844727 66.2699966430664 65.6600036621094 65.5400009155273 65 64.1900024414062 63.3800010681152 62.4599990844727 62.2999992370605 61.9300003051758 60.9599990844727 60.0299987792969 58.5900001525879 57.560001373291 56.9700012207031 55.9300003051758 54.5299987792969 52.9799995422363 51.5299987792969 49.9000015258789 48.7999992370605 47.4000015258789 45.4900016784668 43.9599990844727 42.4700012207031 41.0099983215332 40.25 39.7299995422363 38.0099983215332 34.6500015258789 30.5799999237061 26.8600006103516 25.0799999237061 26.5699996948242 28.7099990844727 26.5799999237061
55.8600006103516 54.4700012207031 52.6300010681152 51.2200012207031 51 51.2099990844727 51.7000007629395 53.4799995422363 55.0999984741211 56.4199981689453 57.9500007629395 58.9599990844727 59.9900016784668 60.8499984741211 61.7799987792969 62.4000015258789 62.8400001525879 63.2999992370605 63.2999992370605 62.9599990844727 61.9700012207031 61.2999992370605 61.2999992370605 60.9599990844727 60.0900001525879 59.560001373291 59.3899993896484 59.310001373291 58.9300003051758 57.9300003051758 56.9300003051758 55.8199996948242 55.2000007629395 54.4300003051758 53.0099983215332 51.8600006103516 50.3899993896484 48.8300018310547 47.7299995422363 46.7299995422363 45.3699989318848 43.7999992370605 42.2999992370605 40.4599990844727 38.7999992370605 37.8899993896484 37.7200012207031 37.9500007629395 34.6100006103516 28.1200008392334 23.7299995422363 22.5699996948242 26.6200008392334 30.9599990844727 27.6800003051758
54.2799987792969 52.4000015258789 50.4000015258789 48.7999992370605 47.9199981689453 47.4599990844727 47.4799995422363 48.5200004577637 50.0499992370605 51.3400001525879 52.9599990844727 54.2799987792969 55.4199981689453 56.2799987792969 57.4199981689453 57.5999984741211 58.0099983215332 58.5999984741211 58.5999984741211 58.4799995422363 57.6199989318848 56.5999984741211 56.6199989318848 56.6399993896484 56.4599990844727 56.5999984741211 57.1100006103516 56.810001373291 55.9300003051758 54.9700012207031 53.9700012207031 52.9700012207031 52.310001373291 51.8199996948242 50.7299995422363 49.3899993896484 47.5400009155273 46.0099983215332 44.9700012207031 43.9900016784668 43.3699989318848 42.4700012207031 40.8499984741211 38.9099998474121 36.8899993896484 36.2799987792969 36.4700012207031 37.1800003051758 32.9500007629395 24.1599998474121 20.1499996185303 20.8700008392334 25.1599998474121 28.3700008392334 25.8899993896484
52.4599990844727 50.4000015258789 48.4000015258789 46.7700004577637 45.4300003051758 44.3199996948242 44.5999984741211 45.5 46.3400001525879 46.9599990844727 48.3899993896484 49.8499984741211 50.8499984741211 51.8699989318848 52.8800010681152 53.3600006103516 53.8499984741211 54.4199981689453 54.5 54.1500015258789 53.2000007629395 52.439998626709 52.7400016784668 53.2299995422363 53.2200012207031 53.4199981689453 53.8499984741211 53.9300003051758 52.9700012207031 52.25 51.4300003051758 50.3499984741211 49.8800010681152 49 47.9700012207031 46.5299987792969 44.9000015258789 43.75 42.3699989318848 41.6800003051758 42.5299987792969 42.3199996948242 39.9900016784668 37.4300003051758 35.5999984741211 34.7400016784668 34.1500015258789 32.7400016784668 28.1399993896484 20.7700004577637 18.3600006103516 20.5599994659424 23.4599990844727 24.9099998474121 24.0799999237061
51 48.5099983215332 46.5 44.5800018310547 42.9300003051758 41.810001373291 41.4199981689453 41.8499984741211 42.7400016784668 43.6800003051758 44.7099990844727 45.5200004577637 46.3899993896484 47.7999992370605 48.5200004577637 49.3300018310547 50.4099998474121 50.7999992370605 51.2999992370605 50.9700012207031 50 49.0400009155273 49.310001373291 50.0299987792969 49.9099998474121 50.7099990844727 51.2099990844727 50.9700012207031 50.25 49.8499984741211 48.8899993896484 48.2099990844727 47.7700004577637 46.7999992370605 45.4700012207031 43.9000015258789 42.7999992370605 41.1800003051758 39.5099983215332 39.9500007629395 41.7900009155273 42.4300003051758 40.1699981689453 36.3899993896484 33.1100006103516 31.1100006103516 29.8299999237061 27.8600006103516 25.0400009155273 21.2099990844727 19.5200004577637 22.8500003814697 25.3799991607666 23.7600002288818 23.5499992370605
