pkg/rmaxent/inst/layers/pre6190_l4.asc
NCOLS 122 
NROWS 160 
XLLCORNER -94.8 
YLLCORNER -56.45 
CELLSIZE 0.5 
NODATA_value -3.4e+38 
[rows 72 to 95 of 160, columns 55 to 109 of 122]
50.3499984741211 47.8800010681152 45.6599998474121 43.810001373291 40.9900016784668 39.0099983215332 38.310001373291 38.4199981689453 39.189998626709 40.4099998474121 40.8899993896484 41.7999992370605 42.7999992370605 43.8899993896484 44.7599983215332 46.060001373291 47.2200012207031 47.689998626709 48.2200012207031 48.2400016784668 47.7999992370605 47.2799987792969 47.5900001525879 48.2200012207031 48.1300010681152 48.5900001525879 48.8400001525879 48.3400001525879 47.8800010681152 47.25 46.7299995422363 45.8699989318848 45.3899993896484 44.7999992370605 43.4199981689453 41.8899993896484 40.8899993896484 39.4300003051758 37.8899993896484 38.2299995422363 40.4099998474121 41.25 38.6199989318848 34.5699996948242 30.6100006103516 27.5599994659424 26.0300006866455 24.5400009155273 22.8299999237061 21.8600006103516 20.4599990844727 23.4099998474121 27.3799991607666 23.2999992370605 23.6499996185303
50.2099990844727 47.7599983215332 45.3600006103516 43.060001373291 39.7200012207031 37.0200004577637 35.9700012207031 35.4500007629395 36.1699981689453 37.2900009155273 37.7299995422363 38.7299995422363 39.7299995422363 40.7299995422363 41.4199981689453 42.3300018310547 43.7400016784668 44.4099998474121 44.8699989318848 45.7099990844727 46.189998626709 46.0999984741211 46.4799995422363 46.6599998474121 46.3499984741211 46.3199996948242 46.25 46.2000007629395 45.7299995422363 44.8499984741211 44 43.6399993896484 43.6599998474121 42.8899993896484 41.8300018310547 40.75 39.8600006103516 38.7700004577637 38 38.3800010681152 39.4700012207031 39.4500007629395 36.6599998474121 32.3400001525879 27.8400001525879 24.5699996948242 22.9400005340576 21.8600006103516 20.8199996948242 20.9699993133545 21.9899997711182 23.75 24.75 22.8400001525879 24.7199993133545
49.7200012207031 47.2000007629395 45.5299987792969 43.6699981689453 40.6100006103516 37.3300018310547 34.8199996948242 33.75 33.7000007629395 34.2999992370605 34.7299995422363 35.7599983215332 36.7799987792969 37.7599983215332 38.3899993896484 38.8800010681152 40.2400016784668 41.6300010681152 42.560001373291 43.6300010681152 44.5999984741211 45.0999984741211 45.2299995422363 45.2200012207031 44.6699981689453 44.2900009155273 43.8499984741211 43.310001373291 42.9700012207031 42.3400001525879 41.810001373291 41.6500015258789 42.1599998474121 41.6500015258789 40.7400016784668 40.0200004577637 40 39.4799995422363 38.9000015258789 38.9799995422363 39 37.9900016784668 35.0099983215332 30.9699993133545 26.0900001525879 22.0900001525879 20.0100002288818 19.25 19.4400005340576 19.9400005340576 21.5499992370605 23.9400005340576 22.4599990844727 21.2000007629395 27.7999992370605
47.9500007629395 46.1599998474121 45.5400009155273 44.1699981689453 41.7099990844727 38.2900009155273 34.8199996948242 32.7599983215332 31.7199993133545 31.2999992370605 31.7299995422363 33.0400009155273 34.2000007629395 35.0200004577637 36.1500015258789 36.5900001525879 37.5900001525879 38.7900009155273 40.189998626709 41.9799995422363 43.4599990844727 44.4900016784668 44.6699981689453 43.75 43.1699981689453 42.3300018310547 41.4000015258789 40.8800010681152 40.3400001525879 40.2999992370605 40.1800003051758 40.1300010681152 40.3199996948242 40.2799987792969 40.0200004577637 40 40 40 39.4099998474121 38.6699981689453 38.0499992370605 37.0800018310547 33.5800018310547 28.7399997711182 24.2199993133545 20.1000003814697 17.8299999237061 16.8500003814697 16.8099994659424 18.0499992370605 19.4099998474121 20.6800003051758 21.2299995422363 23.4200000762939 32.4500007629395
45.1300010681152 45.060001373291 45.0400009155273 44.6800003051758 42.7900009155273 39.3300018310547 35.3800010681152 31.8999996185303 29.4699993133545 28.3199996948242 28.7299995422363 30.1100006103516 31.3400001525879 31.9599990844727 33.2799987792969 34.3600006103516 34.9599990844727 36.5299987792969 38.8199996948242 40.4900016784668 41.9099998474121 43.3499984741211 43.5699996948242 42.6100006103516 41.3600006103516 40.2799987792969 39.6599998474121 38.7999992370605 38.2999992370605 38.2099990844727 38.2000007629395 38.3199996948242 38.560001373291 38.9900016784668 39.439998626709 40 40.3199996948242 40.5 39.3800010681152 37.810001373291 36.689998626709 34.7200012207031 30.8199996948242 26.6700000762939 22.6399993896484 18.9899997711182 16.1599998474121 14.4499998092651 14.7700004577637 16.1000003814697 17.9599990844727 19.7800006866455 21.6499996185303 25.6800003051758 35.1100006103516
40.3499984741211 43.6500015258789 45.7599983215332 46.5 44.75 40.9900016784668 36.0699996948242 31.0599994659424 27.3899993896484 25.8500003814697 25.8099994659424 27.1800003051758 29.0499992370605 30.4699993133545 31.5900001525879 32.9000015258789 34.189998626709 35.4000015258789 37.0499992370605 38.5999984741211 39.6599998474121 40.8300018310547 41.0900001525879 40.3899993896484 39.4199981689453 38.3499984741211 37.7999992370605 36.810001373291 36.3499984741211 35.8800010681152 35.75 36.5499992370605 37.1500015258789 37.3899993896484 38.0200004577637 39.7700004577637 40.9700012207031 41 39.9500007629395 37.7200012207031 34.9599990844727 32.0999984741211 28.6599998474121 25.0400009155273 21.8500003814697 18.7299995422363 16.0499992370605 14.4499998092651 14.3400001525879 15.3999996185303 16.8999996185303 18.8999996185303 21.8700008392334 27.9599990844727 37.2799987792969
33.4900016784668 39.2400016784668 47 49.5999984741211 48.4300003051758 44.189998626709 37.5699996948242 30.3400001525879 25.2099990844727 23.3999996185303 23.6499996185303 25.0499992370605 27.0300006866455 28.9799995422363 30.4599990844727 31.2900009155273 32.310001373291 34.0299987792969 35.5800018310547 36.689998626709 37.689998626709 38.9799995422363 39.6399993896484 38.7900009155273 37.8400001525879 36.8300018310547 35.9599990844727 35.2799987792969 34.7599983215332 33.9599990844727 34.0400009155273 35.2200012207031 35.6699981689453 36.0999984741211 37.0299987792969 39.2599983215332 41 40.6699981689453 39.5499992370605 36.9099998474121 33.0200004577637 30 26.9799995422363 23.9200000762939 20.9400005340576 17.9799995422363 15.6899995803833 14.6000003814697 14 14.5299997329712 15.9099998474121 17.9300003051758 20.8799991607666 27 36.4900016784668
25.4099998474121 32.6300010681152 44.1500015258789 52.5400009155273 52.9799995422363 47.3800010681152 38.7099990844727 30.2000007629395 24.3999996185303 21.7700004577637 21.9899997711182 23.5200004577637 25.4200000762939 27.6200008392334 29.1299991607666 30.5499992370605 31.7999992370605 33.4000015258789 34.5200004577637 35.4799995422363 36.4700012207031 37.5900001525879 38.5400009155273 38.2299995422363 37.0299987792969 36.5999984741211 35.5699996948242 34.6800003051758 34.0200004577637 33.5999984741211 33.4700012207031 34.5800018310547 35.4599990844727 36 36.939998626709 38.8899993896484 40.0400009155273 39.6100006103516 37.810001373291 34.5900001525879 30.9400005340576 27.9799995422363 25.4099998474121 22.9400005340576 20.3500003814697 17.7999992370605 15.6000003814697 14.6000003814697 13.8000001907349 13.6599998474121 15.0299997329712 17.2999992370605 20.9500007629395 26.6399993896484 34.3600006103516
14.3100004196167 18.8500003814697 31.1299991607666 49.3199996948242 54.8400001525879 48.7799987792969 38.8899993896484 30.1200008392334 23.9300003051758 20.6900005340576 20.6000003814697 21.9799995422363 24.2199993133545 26.7600002288818 28.7299995422363 30.3700008392334 31.4699993133545 32.5299987792969 33.5299987792969 34.2299995422363 34.9799995422363 36.4300003051758 37.1500015258789 37.5699996948242 37.3699989318848 36.5299987792969 35.2400016784668 34.0299987792969 34 33.5400009155273 33.4000015258789 34.7400016784668 35.9700012207031 36.3499984741211 37.6300010681152 38.9300003051758 38.6199989318848 37.3899993896484 34.7599983215332 31.25 28.1599998474121 25.8299999237061 24.2399997711182 22.25 20.3199996948242 17.8999996185303 15.7600002288818 14.7600002288818 14.1999998092651 14.0600004196167 14.9200000762939 17.2000007629395 20.7299995422363 25.3999996185303 31.5100002288818
7.26999998092651 9.44999980926514 12.0299997329712 18.4799995422363 29.4300003051758 38.2400016784668 35.6199989318848 29.0400009155273 23.2099990844727 19.8600006103516 20 20.6599998474121 22.5200004577637 25.1100006103516 27.4899997711182 29.9599990844727 31.3400001525879 32 32.4799995422363 33.0200004577637 33.5900001525879 34.689998626709 35.5999984741211 36.5299987792969 36.7400016784668 35.7999992370605 34.6800003051758 33.7400016784668 33.0999984741211 33.0200004577637 33.4900016784668 34.9199981689453 36.2900009155273 37.2799987792969 37.9900016784668 37.7799987792969 36.5299987792969 34.5499992370605 31.7399997711182 28.2999992370605 25.6100006103516 23.9599990844727 22.8999996185303 21.6900005340576 20.5300006866455 19.0400009155273 17.4200000762939 16.4799995422363 15.8500003814697 15.4499998092651 15.5200004577637 17.4500007629395 21.1399993896484 25.9099998474121 31.7199993133545
5.11999988555908 6.65000009536743 8.80000019073486 9.39999961853027 12.4899997711182 17.1000003814697 20.6299991607666 25.1700000762939 25.9099998474121 20.9400005340576 20 20.3999996185303 21.8299999237061 24.2700004577637 27.1599998474121 29.7800006866455 31 31.1000003814697 31.2299995422363 31.5499992370605 32.4700012207031 33.5299987792969 34.5299987792969 35.5299987792969 36.0200004577637 35.5999984741211 34.5999984741211 33.5999984741211 33 33.189998626709 34.1500015258789 35.2900009155273 36.6399993896484 37.9700012207031 38 37.2400016784668 35.0400009155273 32.2299995422363 29.6299991607666 27.0200004577637 24.7800006866455 23.6299991607666 22.6000003814697 21.6599998474121 20.6900005340576 19.9599990844727 19.7800006866455 19.2999992370605 18.0400009155273 17.0699996948242 17.6399993896484 19.7700004577637 22.8099994659424 26.8199996948242 32.560001373291
3.75999999046326 4.59999990463257 7.73999977111816 9.85000038146973 10.4099998474121 11.8199996948242 15.0100002288818 22.1499996185303 25.8899993896484 21.6599998474121 20 20.3299999237061 21.4400005340576 23.6700000762939 26.9400005340576 29.0599994659424 30.0900001525879 30.1000003814697 30.0499992370605 30.1599998474121 30.9799995422363 32.4599990844727 33.5699996948242 34.5999984741211 35.5 35.5400009155273 34.5999984741211 33.5999984741211 32.7400016784668 32.5400009155273 33.5299987792969 34.8199996948242 36.310001373291 37.0099983215332 37.0999984741211 36.6800003051758 34.7999992370605 31.8400001525879 29.3700008392334 27.2700004577637 25.5900001525879 24.2299995422363 22.7600002288818 22.0499992370605 21.4200000762939 21.1800003051758 21.9899997711182 22.1900005340576 21.2199993133545 20.5 20.5300006866455 21.2600002288818 23.1599998474121 26.6200008392334 31.8600006103516
3.01999998092651 3.77999997138977 6.30999994277954 9.23999977111816 11.1000003814697 13.4700002670288 18.2000007629395 23.0799999237061 24.1000003814697 21.2399997711182 19.6700000762939 19.4799995422363 20.7999992370605 23.5300006866455 27.0799999237061 29.6599998474121 30.4300003051758 29.7099990844727 28.75 28.5599994659424 29.5799999237061 31.0300006866455 32.8400001525879 34.3300018310547 35 35.0200004577637 34.5299987792969 33.5299987792969 32.5400009155273 32 32.4799995422363 33.4799995422363 34.5200004577637 35.4300003051758 36.3199996948242 36.4099998474121 34.689998626709 32.1699981689453 30.4699993133545 29.0200004577637 27.5 26.0400009155273 24.3700008392334 23.0400009155273 21.6000003814697 21.2800006866455 22.5699996948242 24.0499992370605 24.0599994659424 23.1900005340576 22.4200000762939 21.9799995422363 22.8299999237061 25.7099990844727 30.2199993133545
2.09999990463257 2.53999996185303 4.40000009536743 8 10.5900001525879 12.7700004577637 20.1200008392334 25.0200004577637 22.8600006103516 20.3299999237061 18.7099990844727 18.1299991607666 19.3099994659424 22.5599994659424 26.5 29.7299995422363 30.5300006866455 29.2399997711182 27.8099994659424 27.25 28.5599994659424 30.5599994659424 32.060001373291 33.6500015258789 34.0999984741211 34.0999984741211 33.7999992370605 32.7999992370605 32.0200004577637 31.6800003051758 31.2099990844727 31.2199993133545 31.75 32.7900009155273 33.7700004577637 34.2400016784668 33.6300010681152 32.5299987792969 31.7800006866455 31.2700004577637 30.1499996185303 28.4300003051758 26.0900001525879 24.2000007629395 21.8600006103516 20.2399997711182 21.4099998474121 23.7600002288818 24.4500007629395 24 23.5100002288818 22.5599994659424 22.6299991607666 24.8099994659424 28.8400001525879
1.10000002384186 1.23000001907349 2.59999990463257 5.6399998664856 8.52999973297119 12.4399995803833 19.1599998474121 23.2000007629395 21.7999992370605 19.75 17.2800006866455 16.3299999237061 17.1599998474121 20.4099998474121 24.8899993896484 28.3799991607666 29.6399993896484 28.6800003051758 27.7099990844727 27.7800006866455 29.5900001525879 31.2999992370605 32.689998626709 33.9700012207031 34 34 33.5299987792969 32.5400009155273 31.7099990844727 31.0200004577637 30.2900009155273 28.9799995422363 29.1900005340576 30.5799999237061 31.2099990844727 31.3899993896484 31.6399993896484 32.2400016784668 32.7000007629395 32.25 31.2700004577637 29.9500007629395 28.2099990844727 25.9799995422363 22.6700000762939 20.5400009155273 20.5300006866455 22.0499992370605 23.5 24.1000003814697 24.2900009155273 23.7700004577637 23.7800006866455 25.2999992370605 28.7099990844727
1 1.19000005722046 2.61999988555908 4.78000020980835 6.98999977111816 12.1300001144409 19.7700004577637 23.0599994659424 21.7999992370605 18.5900001525879 15.5600004196167 14.7700004577637 16.0900001525879 19.2600002288818 23.7600002288818 26.9500007629395 28.6299991607666 28.7099990844727 28.3799991607666 29.2900009155273 30.8199996948242 32.3600006103516 33.4099998474121 34 34 33.7400016784668 32.7999992370605 32.0200004577637 31.3600006103516 30.1100006103516 29.3099994659424 28.0300006866455 28.0900001525879 28.4099998474121 28.7399997711182 29.1900005340576 29.5 30.1700000762939 30.6900005340576 30.7600002288818 30.2099990844727 29.9599990844727 28.9200000762939 26.2800006866455 23.0499992370605 21.4300003051758 20.6399993896484 20.6599998474121 21.6299991607666 22.5900001525879 23.8500003814697 25 25.4699993133545 27.2600002288818 29.625
0.100000001490116 0.540000021457672 1.87999999523163 3.5699999332428 6.1100001335144 12.2299995422363 20.5200004577637 24.6900005340576 22.6100006103516 18.1900005340576 15.1199998855591 15.3199996948242 17.1000003814697 20.0300006866455 23.25 25.9300003051758 27.9699993133545 29.3099994659424 30.25 31.6299991607666 33.0999984741211 33.9099998474121 34.3800010681152 34.5299987792969 34 33.6300010681152 32.6599998474121 32 31.5300006866455 30.2399997711182 28.7800006866455 28 27.6800003051758 27.1000003814697 26.8400001525879 26.4500007629395 26.5200004577637 27.2399997711182 28.3299999237061 28.4400005340576 28.5499992370605 28.6299991607666 27.4500007629395 25.1499996185303 22.7299995422363 21.6599998474121 21 20.7000007629395 20.0699996948242 20.7800006866455 23.5 26.5100002288818 28.4400005340576 28.8125 30
0 0 0.689999997615814 2.47000002861023 5.36999988555908 12.6499996185303 23.7399997711182 28.7900009155273 25.7299995422363 19.7700004577637 16.4500007629395 16.6499996185303 18.6100006103516 20.8500003814697 23 25.2600002288818 28.1200008392334 30.6900005340576 32.939998626709 34.6399993896484 35.2299995422363 35.8800010681152 35.810001373291 35.5400009155273 34.9500007629395 34.1500015258789 33.0800018310547 32.4700012207031 31.6599998474121 30.5599994659424 29.4899997711182 28.25 27.0300006866455 26.7099990844727 25.7299995422363 24.75 24.3999996185303 25.1100006103516 26.6000003814697 27.1000003814697 26.9699993133545 26.4400005340576 26.1599998474121 25.1499996185303 23.1399993896484 22.0499992370605 22.0900001525879 21.9699993133545 21.4899997711182 22.0300006866455 25.1599998474121 28.3400001525879 30.4599990844727 31.5166664123535 -3.4e+38
0 0 0.740000009536743 2.60999989509583 5.67000007629395 13.8000001907349 25.4899997711182 31.75 28.7299995422363 21.1800003051758 17.2800006866455 17.5100002288818 19.9300003051758 22.4799995422363 23.8400001525879 24.9699993133545 28.1399993896484 32.439998626709 35.810001373291 37.6800003051758 37.7599983215332 37.8899993896484 37.4900016784668 36.8499984741211 36.0699996948242 34.9599990844727 34.3300018310547 33.1300010681152 32 31.1299991607666 30 29.0900001525879 27.5799999237061 26.3799991607666 24.8400001525879 23.7999992370605 23.5599994659424 24.4099998474121 25.5200004577637 26.5300006866455 27 26.5 26.1100006103516 25.5100002288818 23.8500003814697 23.5400009155273 24.0300006866455 24.1399993896484 24.1499996185303 24.0799999237061 25.8299999237061 28.4400005340576 30.25 32 -3.4e+38
0 0 0.910000026226044 2.14000010490417 6.94000005722046 20.1399993896484 32.7200012207031 34.8300018310547 28.2299995422363 20.2900009155273 15.8400001525879 16.4599990844727 19.6000003814697 22.7999992370605 24.3099994659424 25.8199996948242 29.3400001525879 34.3400001525879 37.9199981689453 39.689998626709 39.75 39.8899993896484 39.4000015258789 38.4900016784668 37.4700012207031 36.0699996948242 34.7299995422363 33.6199989318848 32.5400009155273 31.6200008392334 30.5799999237061 30.1100006103516 29.0699996948242 27.1100006103516 25.1200008392334 23.6000003814697 23.2900009155273 23.9599990844727 24.6900005340576 25.9899997711182 27 27.1100006103516 27.7800006866455 28.4899997711182 27.6399993896484 27.8400001525879 28.1499996185303 26.8899993896484 25.9899997711182 25.3600006103516 26.2199993133545 29.6900005340576 32.5 -3.4e+38 -3.4e+38
0 0 1.08000004291534 3.14000010490417 9.89999961853027 24.0100002288818 31.8899993896484 30.6700000762939 24.7900009155273 18.0499992370605 14.8500003814697 15.9499998092651 18.7199993133545 22.1499996185303 25.0499992370605 28.0300006866455 31.8600006103516 36.0900001525879 39.1300010681152 40.8899993896484 41.2099990844727 41.7400016784668 41.3899993896484 40.4000015258789 39.0900001525879 37.560001373291 36.0900001525879 34.6100006103516 33.5099983215332 32.5099983215332 32.1500015258789 32.2599983215332 31.0400009155273 28.3600006103516 25.3899993896484 23.6299991607666 22.8500003814697 23.3799991607666 25.2399997711182 26.3799991607666 27.2000007629395 28.5699996948242 31.3099994659424 34.6500015258789 36.4799995422363 37.1300010681152 36.4799995422363 34.9900016784668 32.3600006103516 28.9300003051758 27.53125 30 33 -3.4e+38 -3.4e+38
0 0.0199999995529652 1.02999997138977 3.14000010490417 8.6899995803833 19.3799991607666 25.9500007629395 25.3700008392334 22.3099994659424 17.8899993896484 15.8199996948242 16.4200000762939 18.0900001525879 21.0599994659424 25.5699996948242 31.0100002288818 35.5800018310547 38.5400009155273 40.4799995422363 41.2000007629395 41.9000015258789 43.3199996948242 43.3499984741211 42.4000015258789 41.3400001525879 39.8899993896484 38.310001373291 36.4900016784668 34.560001373291 33.5099983215332 33.0299987792969 33.6599998474121 33.3600006103516 30.1299991607666 26.6700000762939 24.2399997711182 23.0799999237061 23.7999992370605 25.8600006103516 27.1599998474121 27.2199993133545 29.7999992370605 36.3499984741211 42.4700012207031 46.3899993896484 47.8199996948242 46.9199981689453 48.939998626709 47.59375 29.8999996185303 28 -3.4e+38 -3.4e+38 -3.4e+38 -3.4e+38
0 0.569999992847443 2.06999993324280 5.09000015258789 12.2200002670288 19.4699993133545 22.5400009155273 22.7900009155273 21.2600002288818 19.0400009155273 17.5100002288818 17.8099994659424 19.7099990844727 22.5300006866455 27.2199993133545 33.060001373291 37.7400016784668 40.9700012207031 43.2999992370605 43.689998626709 44.1100006103516 44.7700004577637 44.9599990844727 44.4900016784668 43.4900016784668 42.0699996948242 40.1500015258789 38.1699981689453 36.0400009155273 34.5200004577637 34.2400016784668 34.8400001525879 34.189998626709 31.6299991607666 28.6299991607666 26.0499992370605 24.4899997711182 25.1800003051758 27.9099998474121 29.5499992370605 31.1200008392334 37.3800010681152 45.3400001525879 50.7000007629395 54.03125 50 49 52 52 -3.4e+38 -3.4e+38 -3.4e+38 -3.4e+38 -3.4e+38 -3.4e+38
0 0.560000002384186 2.04999995231628 6.76999998092651 14.0600004196167 17.3099994659424 19.1499996185303 21.0599994659424 20.5300006866455 19.9099998474121 19.7000007629395 20.5400009155273 22.8999996185303 25.8400001525879 29.4799995422363 33.6599998474121 37.2999992370605 40.3800010681152 43.7099990844727 45.7999992370605 45.9300003051758 46.4599990844727 47.2799987792969 47.3800010681152 46.2999992370605 44.8199996948242 42.8199996948242 40.5200004577637 37.7599983215332 35.6399993896484 35.060001373291 35.3199996948242 35.0699996948242 33.0999984741211 31.0100002288818 28.6399993896484 26.7600002288818 28.1800003051758 33.3199996948242 38.5699996948242 49.3400001525879 69.4300003051758 78.46875 52.5 56 -3.4e+38 -3.4e+38 -3.4e+38 -3.4e+38 -3.4e+38 -3.4e+38 -3.4e+38 -3.4e+38 -3.4e+38 -3.4e+38
