pkg/rmaxent/inst/layers/tmn6190_ann.asc
NCOLS 122 
NROWS 160 
XLLCORNER -94.8 
YLLCORNER -56.45 
CELLSIZE 0.5 
NODATA_value -3.4e+38 
[rows 69 to 91 of 160, columns 53 to 105 of 122]
176.720001220703 182.949996948242 186.979995727539 190.850006103516 193.169998168945 193.009994506836 189.949996948242 182.410003662109 174.139999389648 171.850006103516 172.039993286133 172.490005493164 172.880004882812 171.369995117188 169.729995727539 168.270004272461 165.919998168945 162.619995117188 162.25 163.850006103516 162.820007324219 161.460006713867 157.910003662109 153.600006103516 156.520004272461 159.389999389648 157.800003051758 159.330001831055 163.139999389648 165.580001831055 166.139999389648 165.800003051758 165.729995727539 168.380004882812 170.940002441406 173.039993286133 173.550003051758 173.100006103516 171.940002441406 172.039993286133 169.089996337891 163.940002441406 159.919998168945 153.990005493164 148.179992675781 144.190002441406 143.970001220703 150.320007324219 160.940002441406 171.220001220703 174.869995117188 173.220001220703 165.050003051758
176.630004882812 182.009994506836 185.490005493164 188.580001831055 190.850006103516 192.330001831055 189.910003662109 184.759994506836 180.399993896484 177.990005493164 173.869995117188 169.410003662109 168.399993896484 169.009994506836 167.320007324219 164.899993896484 162.059997558594 158.470001220703 158.789993286133 161.649993896484 160.619995117188 159.199996948242 156.539993286133 151.289993286133 153.470001220703 156.289993286133 155.309997558594 158.779998779297 164.020004272461 165.830001831055 165.479995727539 166.320007324219 165.25 166.199996948242 170.100006103516 172.580001831055 172.169998168945 170.919998168945 169.960006713867 170.309997558594 167.399993896484 164.330001831055 163.110000610352 157.470001220703 148.649993896484 143.860000610352 143.949996948242 150.169998168945 157.070007324219 165.419998168945 169.220001220703 160.919998168945 153.869995117188
176.270004272461 179.399993896484 182.580001831055 186.020004272461 187.759994506836 188.979995727539 188.970001220703 186.869995117188 183.690002441406 181.190002441406 176.960006713867 171.850006103516 168.380004882812 165.229995727539 162.929992675781 162.720001220703 160.559997558594 157.270004272461 159.380004882812 160.279998779297 159.139999389648 158.240005493164 155.979995727539 152.899993896484 153.979995727539 154.970001220703 153.910003662109 158.990005493164 163.600006103516 165.830001831055 165.580001831055 165.610000610352 165.190002441406 165.320007324219 168.919998168945 171.520004272461 170.660003662109 167.589996337891 166.610000610352 167.740005493164 165.089996337891 162.639999389648 164.869995117188 161.580001831055 151.270004272461 145.479995727539 142.149993896484 142.339996337891 147.850006103516 159.800003051758 165.490005493164 156.199996948242 144.860000610352
176.089996337891 178.770004272461 181.5 183.25 185.039993286133 186.130004882812 186.600006103516 186.410003662109 183.550003051758 179.880004882812 177.199996948242 173.789993286133 169.830001831055 164.520004272461 161.050003051758 159.190002441406 156.660003662109 155.520004272461 158.470001220703 158.059997558594 157.020004272461 156.919998168945 156.339996337891 154.889999389648 155.660003662109 156.509994506836 155.5 159.759994506836 162.440002441406 164.330001831055 165.419998168945 164.889999389648 164.380004882812 165.339996337891 169.389999389648 170.710006713867 166.830001831055 162.970001220703 162.800003051758 163.710006713867 164.619995117188 163.869995117188 165.270004272461 162.529998779297 153.619995117188 147.699996948242 142.020004272461 140.050003051758 147.059997558594 159.050003051758 161.960006713867 155.770004272461 143.869995117188
177.5 180.130004882812 181.339996337891 181.979995727539 182.220001220703 182.710006713867 183.320007324219 183.029998779297 181.389999389648 178.070007324219 174.940002441406 172.660003662109 169.410003662109 165.509994506836 160.899993896484 156.429992675781 150.860000610352 148.240005493164 151.710006713867 152.699996948242 152.899993896484 154.119995117188 155.690002441406 155.550003051758 155.440002441406 156.100006103516 154.929992675781 157.839996337891 160.009994506836 161.429992675781 163.559997558594 163.160003662109 161.339996337891 163.75 169.350006103516 169.149993896484 164.669998168945 158.919998168945 157.279998779297 160.179992675781 161.669998168945 161.729995727539 165.550003051758 163.110000610352 153.839996337891 147.860000610352 143.059997558594 143.190002441406 150.949996948242 160.110000610352 158.580001831055 153.050003051758 149.160003662109
173.919998168945 180.460006713867 180.949996948242 180.380004882812 179.100006103516 178.970001220703 179.5 179.360000610352 178.330001831055 175.529998779297 172.369995117188 168.770004272461 164.929992675781 163.490005493164 159.860000610352 155.470001220703 149.070007324219 142.610000610352 144.770004272461 147.600006103516 148.770004272461 150.699996948242 153.509994506836 154.410003662109 152.940002441406 152.740005493164 153.589996337891 154.699996948242 155.399993896484 157.399993896484 160.179992675781 158.949996948242 159.279998779297 164.449996948242 168.889999389648 168.580001831055 165.660003662109 159.050003051758 154.789993286133 158.880004882812 159.089996337891 154.419998168945 161.190002441406 164.059997558594 154.619995117188 148.740005493164 144.360000610352 144.720001220703 151.779998779297 158.899993896484 156.639999389648 150.289993286133 153.100006103516
161.229995727539 175.669998168945 179.309997558594 178.699996948242 177.25 176.639999389648 176.800003051758 175.639999389648 173.830001831055 171.690002441406 169.119995117188 165.580001831055 162.259994506836 160.75 156.449996948242 151.679992675781 149.350006103516 142.600006103516 139.110000610352 141.220001220703 145.300003051758 149.039993286133 151.949996948242 153.979995727539 153.910003662109 153.039993286133 152.270004272461 151 149.320007324219 150.199996948242 150.960006713867 152.850006103516 158.529998779297 164.369995117188 167.539993286133 168.169998168945 165.149993896484 158.100006103516 154.75 158.199996948242 154.380004882812 151.429992675781 160.089996337891 165.080001831055 155.850006103516 148.419998168945 146.050003051758 148.240005493164 153.490005493164 157.830001831055 157.619995117188 155.259994506836 158.339996337891
149.899993896484 168.850006103516 173.350006103516 176 174.979995727539 174.429992675781 173.710006713867 172.330001831055 170.039993286133 167.839996337891 165.589996337891 161.779998779297 158.589996337891 156.940002441406 153.449996948242 147.399993896484 145.309997558594 143.580001831055 139.539993286133 142.330001831055 149.029998779297 153.399993896484 155.449996948242 157 156.279998779297 153.630004882812 148.789993286133 145.25 145.529998779297 146.25 147.130004882812 152.300003051758 159.600006103516 164.910003662109 167.320007324219 166.399993896484 161.350006103516 156.669998168945 155.080001831055 150.229995727539 142.860000610352 146.440002441406 156.429992675781 157.389999389648 151.860000610352 146.839996337891 146.529998779297 148.910003662109 152.929992675781 156.809997558594 158.850006103516 157.880004882812 156.919998168945
140.699996948242 153.990005493164 159.139999389648 167.990005493164 169.789993286133 169.190002441406 168.440002441406 167.529998779297 165.289993286133 162.809997558594 160.75 157.369995117188 154.130004882812 152.289993286133 150.589996337891 149.220001220703 148.279998779297 147.869995117188 146 148.050003051758 152.619995117188 155.789993286133 157.669998168945 159.259994506836 158.330001831055 151.940002441406 146.460006713867 144.279998779297 145.529998779297 145.649993896484 147.770004272461 151.309997558594 156.380004882812 163.960006713867 166.779998779297 163.309997558594 157.970001220703 155.520004272461 149.309997558594 143.800003051758 139.270004272461 140.630004882812 146.539993286133 148.179992675781 148.149993896484 146.130004882812 147.949996948242 150.470001220703 153.149993896484 156.169998168945 158.789993286133 158.149993896484 153.649993896484
88.2699966430664 131.660003662109 136.199996948242 145.699996948242 160.429992675781 162.830001831055 161.690002441406 160.660003662109 159.720001220703 158.139999389648 155.919998168945 152.610000610352 150.080001831055 147.830001831055 146.839996337891 148.339996337891 149.369995117188 146.830001831055 147.169998168945 152.169998168945 154.100006103516 155.880004882812 157.440002441406 160.210006713867 161.660003662109 155.210006713867 147.410003662109 145.539993286133 142.990005493164 142.309997558594 147.360000610352 151.440002441406 155.429992675781 161.110000610352 164.020004272461 162.910003662109 157.240005493164 151.100006103516 141.979995727539 134.229995727539 132.330001831055 133.490005493164 138.619995117188 144.440002441406 148.100006103516 147.779998779297 148.570007324219 147.850006103516 148.199996948242 150.800003051758 150.389999389648 151.149993896484 151.009994506836
5.6399998664856 79.1399993896484 107.739997863770 118.720001220703 139.679992675781 152.649993896484 152.940002441406 152.990005493164 153.660003662109 154.380004882812 152.229995727539 147.759994506836 145.559997558594 145.050003051758 146.360000610352 150.300003051758 151.300003051758 149.279998779297 150.779998779297 156.860000610352 158.130004882812 159.160003662109 161.009994506836 162.809997558594 164.059997558594 159.339996337891 151.649993896484 149.639999389648 144.639999389648 141.350006103516 145.550003051758 149.600006103516 151.779998779297 155.100006103516 157.100006103516 155.850006103516 149.970001220703 141.960006713867 133.809997558594 130.860000610352 130.789993286133 131.020004272461 135.759994506836 142.110000610352 145.600006103516 146.029998779297 145.580001831055 141.509994506836 138.149993896484 138.199996948242 137.419998168945 142.039993286133 146.080001831055
-20.9200000762939 17.6299991607666 44.75 65.6999969482422 95.7600021362305 130.75 140.440002441406 146.449996948242 149.410003662109 150.779998779297 151.089996337891 149.320007324219 146.289993286133 144.770004272461 146.229995727539 151.029998779297 152.75 154.669998168945 156.369995117188 158.690002441406 160.270004272461 161.580001831055 162.889999389648 163.809997558594 164.970001220703 163.059997558594 156.830001831055 148.960006713867 141.210006713867 137.419998168945 142.570007324219 146.220001220703 145.029998779297 148.449996948242 152.279998779297 150.320007324219 147.740005493164 140.059997558594 130.210006713867 128.259994506836 128.220001220703 127.529998779297 132.020004272461 139 141.850006103516 141.809997558594 141.539993286133 135.5 129.360000610352 128.220001220703 130.789993286133 139.440002441406 144.699996948242
-36.9599990844727 -32.0499992370605 -22.5699996948242 -1.8400000333786 19.6900005340576 56.6399993896484 91.9400024414062 127.839996337891 143.479995727539 146.380004882812 148.669998168945 149.559997558594 147.169998168945 144.710006713867 145.75 148.880004882812 151.279998779297 155.410003662109 158.119995117188 159.679992675781 161.559997558594 163.100006103516 164.229995727539 164.839996337891 164.770004272461 163.580001831055 157.850006103516 146.940002441406 138.690002441406 135.279998779297 136.690002441406 136.440002441406 136.369995117188 140.190002441406 145.339996337891 147.360000610352 146.529998779297 141.110000610352 132.020004272461 127.150001525879 126.160003662109 126.199996948242 130.899993896484 137.949996948242 140.110000610352 138.080001831055 135.509994506836 132 126.919998168945 125.019996643066 127.860000610352 132.960006713867 134.300003051758
-47.2599983215332 -44.8400001525879 -50.7000007629395 -30.1499996185303 7.09999990463257 21.9899997711182 43.3899993896484 75.3000030517578 108.720001220703 132.080001831055 150.75 148.550003051758 146.240005493164 145.429992675781 145.529998779297 146.979995727539 148.860000610352 152.710006713867 156.970001220703 159.940002441406 161.970001220703 163.220001220703 165.020004272461 165.380004882812 165.009994506836 163.25 158.539993286133 148.160003662109 139.820007324219 136.520004272461 133.529998779297 134.429992675781 137 139.240005493164 142.470001220703 146.179992675781 146.550003051758 140.740005493164 134.300003051758 130.279998779297 128.210006713867 128.460006713867 132.210006713867 136.320007324219 134.5 132.580001831055 131.130004882812 127.220001220703 121.680000305176 121.419998168945 123.129997253418 124.809997558594 129.089996337891
-55.4700012207031 -48.2900009155273 -53.8699989318848 -47.060001373291 -2.44000005722046 33.3899993896484 49.939998626709 69.7600021362305 90.9499969482422 119.019996643066 145.050003051758 147.309997558594 146.160003662109 145.429992675781 143.089996337891 141.270004272461 142.649993896484 145.820007324219 152.899993896484 158.279998779297 160.919998168945 163.100006103516 166.300003051758 166.169998168945 164.710006713867 162.850006103516 157.770004272461 150.149993896484 144.410003662109 139.410003662109 133.979995727539 133.410003662109 138.830001831055 143.880004882812 145.610000610352 146.020004272461 144.350006103516 139.610000610352 136.839996337891 135.429992675781 135.169998168945 133.830001831055 131.479995727539 130.199996948242 128.089996337891 128.830001831055 127.910003662109 124.529998779297 118.459999084473 112.879997253418 117.040000915527 126.449996948242 135.970001220703
-52.060001373291 -45.2400016784668 -46.7000007629395 -47.3499984741211 -19.8899993896484 22.1499996185303 53.8800010681152 73.4400024414062 96.0800018310547 118.110000610352 136.929992675781 142.699996948242 143.25 143.350006103516 141.539993286133 140.789993286133 145.080001831055 148.380004882812 153.080001831055 156.610000610352 159.029998779297 163.820007324219 167.899993896484 167.139999389648 165.130004882812 162.360000610352 155.830001831055 149.839996337891 148.710006713867 142.970001220703 135.949996948242 134.490005493164 138.630004882812 143.589996337891 145.789993286133 146.410003662109 145.039993286133 140.009994506836 135.270004272461 132.649993896484 132.160003662109 130.830001831055 127.889999389648 123.589996337891 121.410003662109 123.419998168945 122.669998168945 120.010002136230 114.540000915527 108.290000915527 112.279998779297 123.569999694824 137.389999389648
-45.25 -41.2599983215332 -45.3899993896484 -55.1599998474121 -42.2299995422363 -0.360000014305115 37.5400009155273 65.4499969482422 100.089996337891 116.459999084473 126.330001831055 135.789993286133 137.800003051758 138.419998168945 139.169998168945 141.600006103516 145.070007324219 147.929992675781 151.75 155.729995727539 158.740005493164 165.369995117188 169.929992675781 168.509994506836 165.699996948242 161.570007324219 153.800003051758 148.270004272461 147.179992675781 142.309997558594 138.940002441406 139.039993286133 139.440002441406 140.649993896484 143.330001831055 144.009994506836 141.020004272461 136.759994506836 133.229995727539 129.240005493164 126.440002441406 126.559997558594 124.209999084473 116.690002441406 110.680000305176 112.779998779297 114.410003662109 113.489997863770 110.279998779297 106.639999389648 111.540000915527 125.190002441406 135.509994506836
-46.2299995422363 -41.9799995422363 -45 -58.2400016784668 -52.5099983215332 -22.5900001525879 11.9700002670288 57.4799995422363 93.849998474121 107.610000610352 116.540000915527 127.739997863770 130.429992675781 132.020004272461 134.139999389648 138.220001220703 142.279998779297 146.110000610352 151.029998779297 156.800003051758 161.389999389648 166.369995117188 169.419998168945 168.449996948242 165.410003662109 159.410003662109 151.850006103516 147.720001220703 143.729995727539 141.619995117188 140.179992675781 140.809997558594 140.699996948242 138.25 139.369995117188 140.679992675781 138.880004882812 136.470001220703 133.449996948242 129.25 125.339996337891 123.809997558594 120.180000305176 109.180000305176 99.7699966430664 100.959999084473 103.910003662109 103.760002136230 107.129997253418 110.930000305176 114.620002746582 123.080001831055 125.489997863770
-47.25 -37.9599990844727 -38.8499984741211 -44.4599990844727 -32.3800010681152 -15.1999998092651 1.83000004291534 46.5099983215332 85.8300018310547 100.080001831055 109.650001525879 117.959999084473 122.010002136230 125.25 128.649993896484 135.429992675781 141.729995727539 146.559997558594 151.940002441406 157.600006103516 162.199996948242 165.559997558594 166.559997558594 164.520004272461 161.169998168945 156.070007324219 149.009994506836 143.889999389648 141.570007324219 140.800003051758 139.070007324219 139.610000610352 140.509994506836 139.139999389648 137.740005493164 135.770004272461 134.630004882812 134.990005493164 134.539993286133 132.419998168945 129.039993286133 125.970001220703 118.269996643066 104.690002441406 94.2300033569336 92.5500030517578 95.5400009155273 96.8600006103516 97.5299987792969 103.190002441406 111.239997863770 111.25 103.480003356934
-55.9700012207031 -40.4500007629395 -37.6100006103516 -40.6699981689453 -28.7399997711182 -5.71000003814697 7.92999982833862 41.25 74.6399993896484 93.1100006103516 104 111.019996643066 114.900001525879 119.569999694824 125.440002441406 133.089996337891 139.399993896484 144.679992675781 150.210006713867 155.300003051758 159.570007324219 161.800003051758 160.639999389648 157.100006103516 154.25 149.160003662109 142.710006713867 139.509994506836 139.210006713867 139.270004272461 139.080001831055 139.380004882812 139.539993286133 138.309997558594 135.690002441406 133.679992675781 131.839996337891 131.809997558594 132.139999389648 131.199996948242 128.059997558594 122.900001525879 114.550003051758 103.330001831055 95.2799987792969 92.6600036621094 94.0599975585938 95.099998474121 95.8899993896484 101.110000610352 105.330001831055 102.080001831055 100.900001525879
-67.4599990844727 -59.75 -51.939998626709 -52.4700012207031 -43.1500015258789 -17.9899997711182 1.12000000476837 29.4200000762939 68.7900009155273 90.2799987792969 101.900001525879 106.629997253418 109.760002136230 114.540000915527 122.419998168945 131.339996337891 137.669998168945 142.229995727539 147.220001220703 152.050003051758 155.929992675781 157.009994506836 154.270004272461 149.679992675781 144.889999389648 138.350006103516 135.300003051758 135.399993896484 136.630004882812 138.360000610352 137.809997558594 137.130004882812 137.190002441406 135.029998779297 132.059997558594 130.169998168945 129.389999389648 128.710006713867 128.190002441406 127.220001220703 124.099998474121 117.319999694824 107.169998168945 97.0299987792969 92.9400024414062 92.6500015258789 94.75 96.7699966430664 98.6600036621094 104.080001831055 112.300003051758 121.540000915527 129.020004272461
-84.2600021362305 -86.8399963378906 -77.6100006103516 -72.4499969482422 -57.9700012207031 -39.4700012207031 -18.2399997711182 22.4699993133545 60.1800003051758 83.5400009155273 99.5500030517578 103.339996337891 106.220001220703 111.589996337891 120.489997863770 129.710006713867 135.550003051758 139.289993286133 143.020004272461 147.240005493164 150.869995117188 151.889999389648 148.830001831055 143.960006713867 136.410003662109 128.789993286133 128.279998779297 130.940002441406 134.960006713867 136.169998168945 134.830001831055 134.809997558594 133.130004882812 129.720001220703 126.830001831055 123.919998168945 123.029998779297 123.959999084473 124.989997863770 123.959999084473 120.25 114.169998168945 104.199996948242 91.4599990844727 84.6999969482422 82.6399993896484 81.3099975585938 86.3000030517578 97.5899963378906 108.309997558594 115.529998779297 126.339996337891 137.539993286133
-73.879997253418 -101.059997558594 -95.8000030517578 -90.1600036621094 -74.8199996948242 -68.7099990844727 -36.1500015258789 37.439998626709 74.3600006103516 89.9800033569336 99.9499969482422 102 105.029998779297 109.959999084473 117.830001831055 125.739997863770 131.029998779297 134.639999389648 138.270004272461 142.779998779297 146.460006713867 147.580001831055 145.410003662109 141.229995727539 131.5 121.879997253418 120.139999389648 122.910003662109 130.490005493164 134.440002441406 131.789993286133 129.460006713867 126.819999694824 123.790000915527 120.809997558594 117.599998474121 115.349998474121 116.139999389648 119.339996337891 119.580001831055 116.160003662109 113.309997558594 107.319999694824 89.7900009155273 76.3199996948242 71.629997253418 65.3300018310547 77.2300033569336 103.5 117.110000610352 115.470001220703 113.989997863770 135.779998779297
