pkg/rmaxent/inst/layers/tmn6190_ann.asc
NCOLS 122 
NROWS 160 
XLLCORNER -94.8 
YLLCORNER -56.45 
CELLSIZE 0.5 
NODATA_value -3.4e+38 
[rows 92 to 114 of 160, columns 53 to 105 of 122]
-60.0299987792969 -101.629997253418 -102.620002746582 -98.3000030517578 -83.5100021362305 -73.870002746582 -31.0100002288818 54.7700004577637 85.9800033569336 94.7300033569336 98.7600021362305 99.1800003051758 102.449996948242 108.449996948242 114.449996948242 120.449996948242 125.629997253418 128.690002441406 132.119995117188 136.559997558594 140.949996948242 142.860000610352 141.630004882812 138.070007324219 128.789993286133 118.629997253418 116.940002441406 119.879997253418 125 129.119995117188 126.589996337891 123.589996337891 122.349998474121 120.190002441406 116.650001525879 112.589996337891 109.889999389648 109.190002441406 109.610000610352 112.709999084473 116.75 115.819999694824 109.839996337891 92.0199966430664 74.25 72.9300003051758 77.9400024414062 89.7900009155273 114.269996643066 138.949996948242 149.850006103516 153.800003051758 160.484375
-38.3899993896484 -90.0199966430664 -93.0699996948242 -91.0899963378906 -84.5199966430664 -72.3899993896484 -34.2000007629395 44.5999984741211 89.9800033569336 95.5100021362305 97.7699966430664 99.5199966430664 101.839996337891 106.160003662109 111.389999389648 115.489997863770 119.510002136230 121.839996337891 124.709999084473 129.160003662109 133.820007324219 136.889999389648 137.759994506836 135.639999389648 128.080001831055 118.849998474121 116.069999694824 117.879997253418 121 122.080001831055 120.220001220703 117.449996948242 113.980003356934 110.480003356934 107.620002746582 105.519996643066 103.410003662109 101.849998474121 102.059997558594 105.080001831055 110.550003051758 113.330001831055 110.569999694824 102.819999694824 95.8399963378906 91.2099990844727 95.849998474121 112.040000915527 128.529998779297 146.610000610352 150.625 164.600006103516 170
-45.4900016784668 -89.4800033569336 -91.0999984741211 -85.9199981689453 -78.3000030517578 -56.2700004577637 0.910000026226044 58.8800010681152 84.9899978637695 93.3600006103516 96.4100036621094 99.1699981689453 101.599998474121 104.519996643066 108.180000305176 110.989997863770 114.379997253418 117.360000610352 119.839996337891 124.519996643066 130.460006713867 134.610000610352 136.130004882812 133.929992675781 127.080001831055 118.830001831055 114.529998779297 115.779998779297 116.230003356934 113.150001525879 109.639999389648 109.769996643066 109.510002136230 103.599998474121 97.3899993896484 94.7099990844727 95.0599975585938 94.5299987792969 95.2399978637695 99.7699966430664 106.230003356934 108.580001831055 108.930000305176 111.800003051758 112.470001220703 104.180000305176 98.03125 116.699996948242 131.5 147.300003051758 148 -3.4e+38 -3.4e+38
-71.4499969482422 -83.0999984741211 -90.1399993896484 -94.4599990844727 -86.1500015258789 -39.8199996948242 31.4899997711182 54.9099998474121 67.25 89.8199996948242 94.8899993896484 97.2799987792969 98.6900024414062 100.970001220703 105.209999084473 109.160003662109 111.930000305176 114.379997253418 117.589996337891 123.050003051758 130.110000610352 135.389999389648 136.929992675781 133.270004272461 126.449996948242 118.120002746582 112.209999084473 111.949996948242 110.580001831055 108.459999084473 104.900001525879 101.709999084473 102.819999694824 99.3300018310547 92.8499984741211 85.8899993896484 81.2600021362305 82.0199966430664 88.0800018310547 97.0899963378906 111.949996948242 124.400001525879 122.480003356934 120.519996643066 126.359375 106.5 98 -3.4e+38 -3.4e+38 -3.4e+38 -3.4e+38 -3.4e+38 -3.4e+38
-81.370002746582 -74.1900024414062 -85.0800018310547 -88.7200012207031 -71.8199996948242 -18.1100006103516 28.5599994659424 44.2799987792969 67.0500030517578 84.5400009155273 89.9199981689453 92.7699966430664 94.5 96.5699996948242 101.790000915527 106.739997863770 109.440002441406 111.080001831055 114.410003662109 120.199996948242 128.289993286133 135.759994506836 136.509994506836 129.279998779297 120.029998779297 113.870002746582 109.25 106.949996948242 103.309997558594 99.9199981689453 99.0500030517578 95.370002746582 91.5599975585938 90.4000015258789 87.4000015258789 79.8899993896484 74.0699996948242 81.1800003051758 95.849998474121 107.040000915527 122.779998779297 130.850006103516 128.515625 122.300003051758 130 -3.4e+38 -3.4e+38 -3.4e+38 -3.4e+38 -3.4e+38 -3.4e+38 -3.4e+38 -3.4e+38
-89.5400009155273 -85.9800033569336 -90.2600021362305 -74.1399993896484 -40.310001373291 -5.19000005722046 31.2299995422363 53.5499992370605 70.1600036621094 80.7799987792969 85.3000030517578 88.0999984741211 90.7399978637695 93.4800033569336 98.4400024414062 102.660003662109 104.980003356934 106.910003662109 110.940002441406 116.910003662109 126.209999084473 133.660003662109 131.850006103516 124.599998474121 116.529998779297 111.339996337891 107.319999694824 103.360000610352 98.6900024414062 94.6600036621094 92.3099975585938 89.7600021362305 84.9300003051758 79.7200012207031 78.8600006103516 77.2699966430664 75.5 78.4000015258789 90.1699981689453 111.139999389648 125.430000305176 126.609375 129 -3.4e+38 -3.4e+38 -3.4e+38 -3.4e+38 -3.4e+38 -3.4e+38 -3.4e+38 -3.4e+38 -3.4e+38 -3.4e+38
-87.0899963378906 -83.5199966430664 -90.7900009155273 -68.9899978637695 -21.1900005340576 12.4700002670288 36.7599983215332 57.5999984741211 69.6900024414062 77.870002746582 81.6800003051758 84.3499984741211 87.5299987792969 92.0400009155273 96.0100021362305 98.7600021362305 100.550003051758 101.599998474121 104.370002746582 111.699996948242 122.800003051758 127.389999389648 124.410003662109 118.400001525879 111.949996948242 107.379997253418 103.709999084473 100.290000915527 97.1900024414062 93.6500015258789 91.3099975585938 88.6800003051758 80.9100036621094 74.0599975585938 74.1800003051758 74.7300033569336 73.8399963378906 75.9599990844727 91 115.849998474121 125.78125 125 -3.4e+38 -3.4e+38 -3.4e+38 -3.4e+38 -3.4e+38 -3.4e+38 -3.4e+38 -3.4e+38 -3.4e+38 -3.4e+38 -3.4e+38
-90.5199966430664 -76.25 -79.2600021362305 -73.5 -30.8799991607666 23.6200008392334 49.5800018310547 59.6800003051758 69.870002746582 75.3099975585938 79.3099975585938 82.2699966430664 86.0400009155273 90.4700012207031 94.0199966430664 96.3600006103516 97.25 97.9700012207031 97.7699966430664 105.690002441406 120.489997863770 124.129997253418 121.430000305176 116.209999084473 109.860000610352 103.970001220703 99.2300033569336 95.8300018310547 91.4000015258789 87.5899963378906 86.9700012207031 85.9899978637695 80.3899993896484 76.5899963378906 75.1900024414062 73.9700012207031 72.2399978637695 79.2699966430664 102.129997253418 121.6875 126 -3.4e+38 -3.4e+38 -3.4e+38 -3.4e+38 -3.4e+38 -3.4e+38 -3.4e+38 -3.4e+38 -3.4e+38 -3.4e+38 -3.4e+38 -3.4e+38
-95.1600036621094 -77.2699966430664 -71.9599990844727 -55.1599998474121 -26.9300003051758 17.6100006103516 56.0200004577637 63.0699996948242 69.7200012207031 73.1800003051758 76.379997253418 79.8099975585938 84.1600036621094 89.3000030517578 93.370002746582 94.6800003051758 95.0299987792969 96.4400024414062 99.120002746582 105.430000305176 115.050003051758 119.769996643066 118.669998168945 114.370002746582 109.300003051758 104.099998474121 98.6900024414062 93.9599990844727 90.0100021362305 88.7200012207031 91.0400009155273 94.3099975585938 87.129997253418 76.4000015258789 73.5 71.4400024414062 75.4800033569336 91.629997253418 111.900001525879 122.116668701172 -3.4e+38 -3.4e+38 -3.4e+38 -3.4e+38 -3.4e+38 -3.4e+38 -3.4e+38 -3.4e+38 -3.4e+38 -3.4e+38 -3.4e+38 -3.4e+38 -3.4e+38
-75.9800033569336 -51.5999984741211 -46.3300018310547 -31.3899993896484 -10.4499998092651 36.6699981689453 55.4199981689453 60.2599983215332 65.4100036621094 69.0800018310547 72.0199966430664 76.1500015258789 81.3499984741211 86.5100021362305 89.2300033569336 89.879997253418 91.9599990844727 95.9100036621094 100.680000305176 105.830001831055 110.650001525879 113.879997253418 115.489997863770 113.400001525879 107.989997863770 102.559997558594 97.6999969482422 94.5 92.6900024414062 92.1500015258789 95.849998474121 101.239997863770 98.1399993896484 89.4300003051758 81.5899963378906 79.0500030517578 84.7200012207031 96.2300033569336 108.75 120.233329772949 -3.4e+38 -3.4e+38 -3.4e+38 -3.4e+38 -3.4e+38 -3.4e+38 -3.4e+38 -3.4e+38 -3.4e+38 -3.4e+38 -3.4e+38 -3.4e+38 -3.4e+38
-60.8300018310547 -29.5300006866455 -17.8999996185303 -1.20000004768372 12.4099998474121 38.4099998474121 50.8199996948242 54.8199996948242 59.5099983215332 63.439998626709 67.1600036621094 71.1999969482422 75.870002746582 80.1999969482422 81.8499984741211 83.5599975585938 88.8000030517578 94.599998474121 100.180000305176 104.669998168945 107.190002441406 108.430000305176 110.379997253418 110.309997558594 107.540000915527 105.110000610352 101.160003662109 95.1600036621094 91.5899963378906 91.1900024414062 94.3399963378906 97.400001525879 96.150001525879 92 85.0800018310547 78.9400024414062 76.9599990844727 82.8099975585938 97.870002746582 112.150001525879 -3.4e+38 -3.4e+38 -3.4e+38 -3.4e+38 -3.4e+38 -3.4e+38 -3.4e+38 -3.4e+38 -3.4e+38 -3.4e+38 -3.4e+38 -3.4e+38 -3.4e+38
-45.3499984741211 -23.0699996948242 -4.44000005722046 8.71000003814697 13.25 30.4200000762939 43.0699996948242 50.7700004577637 56.0900001525879 59.6100006103516 62.7599983215332 66.5999984741211 71.4800033569336 75.3499984741211 77.879997253418 81.4400024414062 86.5400009155273 93.2799987792969 99.6699981689453 102.419998168945 102.680000305176 103.669998168945 104.839996337891 104.379997253418 101.900001525879 99.9599990844727 96.6600036621094 92.129997253418 90.3399963378906 90.5699996948242 91.8499984741211 93.3000030517578 91.5500030517578 86.8399963378906 80.3300018310547 75.1900024414062 69.9199981689453 80.629997253418 106.629997253418 117.349998474121 -3.4e+38 -3.4e+38 -3.4e+38 -3.4e+38 -3.4e+38 -3.4e+38 -3.4e+38 -3.4e+38 -3.4e+38 -3.4e+38 -3.4e+38 -3.4e+38 -3.4e+38
-22.0699996948242 -26.2900009155273 -4.46000003814697 13.7100000381470 20.7900009155273 34.0099983215332 44.6500015258789 52.1599998474121 54.7000007629395 56.2200012207031 59.8800010681152 63.9500007629395 68.4899978637695 72.1399993896484 74.5800018310547 77.9800033569336 83.7799987792969 91.2900009155273 95.9400024414062 96.5899963378906 96.0299987792969 97.4700012207031 98.7300033569336 97.6399993896484 95.1999969482422 93.1600036621094 90.2300033569336 87.370002746582 86.9700012207031 89.2799987792969 92.7399978637695 92.4800033569336 90.4700012207031 88.3899993896484 81.2200012207031 73.5999984741211 76.9199981689453 97.2399978637695 111.819999694824 108.316665649414 -3.4e+38 -3.4e+38 -3.4e+38 -3.4e+38 -3.4e+38 -3.4e+38 -3.4e+38 -3.4e+38 -3.4e+38 -3.4e+38 -3.4e+38 -3.4e+38 -3.4e+38
-5.61999988555908 -10.2799997329712 11.7899999618530 31.2399997711182 41.4700012207031 43.6399993896484 49.3899993896484 53.0999984741211 50.0699996948242 50.0099983215332 57.2700004577637 62.560001373291 67.370002746582 69.8199996948242 71.3000030517578 73.75 79.4499969482422 86.5500030517578 88.9599990844727 88.1600036621094 88.0800018310547 91.2300033569336 92.9300003051758 92.1900024414062 90.9000015258789 88.9800033569336 86.2300033569336 84.9499969482422 85.2900009155273 89.1500015258789 92.6600036621094 92.7900009155273 97.3899993896484 97.870002746582 88.7600021362305 78.5999984741211 88.7099990844727 109.34375 112.5 106 -3.4e+38 -3.4e+38 -3.4e+38 -3.4e+38 -3.4e+38 -3.4e+38 -3.4e+38 -3.4e+38 -3.4e+38 -3.4e+38 -3.4e+38 -3.4e+38 -3.4e+38
12.0299997329712 10.9499998092651 29.4099998474121 46.6800003051758 52.5900001525879 53.7900009155273 54.7400016784668 50.810001373291 43.1500015258789 45.3699989318848 55.0699996948242 61.7200012207031 67.2300033569336 69.2900009155273 69.5100021362305 70.8300018310547 74.4599990844727 80.4100036621094 83.5400009155273 83.5400009155273 84.9499969482422 88.7600021362305 89.6999969482422 87.3099975585938 86.2699966430664 86.5599975585938 87.7600021362305 88.7300033569336 89.5699996948242 93.0500030517578 97.0599975585938 100.059997558594 104.419998168945 106.419998168945 104.379997253418 100.389999389648 100.46875 112.833335876465 -3.4e+38 -3.4e+38 -3.4e+38 -3.4e+38 -3.4e+38 -3.4e+38 -3.4e+38 -3.4e+38 -3.4e+38 -3.4e+38 -3.4e+38 -3.4e+38 -3.4e+38 -3.4e+38 -3.4e+38
15.3999996185303 17.0900001525879 37.8400001525879 50.2200012207031 56.4500007629395 58.6699981689453 56.5900001525879 46.75 38.5299987792969 46.3800010681152 53.8199996948242 59.5699996948242 63.9199981689453 66.5999984741211 67.4700012207031 69.5599975585938 73.5299987792969 77.1999969482422 79.3099975585938 80.879997253418 83.8000030517578 86.8199996948242 84.6900024414062 79.8399963378906 78.9899978637695 81.5299987792969 84.2799987792969 86.7900009155273 89.4000015258789 92.9899978637695 97.5599975585938 100.110000610352 101.959999084473 105.010002136230 107.730003356934 107.620002746582 107.949996948242 -3.4e+38 -3.4e+38 -3.4e+38 -3.4e+38 -3.4e+38 -3.4e+38 -3.4e+38 -3.4e+38 -3.4e+38 -3.4e+38 -3.4e+38 -3.4e+38 -3.4e+38 -3.4e+38 -3.4e+38 -3.4e+38
14.4300003051758 18.6200008392334 35.7200012207031 44.7400016784668 53.5400009155273 57.4000015258789 47.939998626709 36.1500015258789 35.6500015258789 47.3400001525879 51.9000015258789 55.0099983215332 58.939998626709 62.310001373291 64.1800003051758 67.5999984741211 72.8600006103516 75.6999969482422 75.6999969482422 76.9100036621094 80.3399963378906 81.8199996948242 78.4700012207031 73.5599975585938 71.7699966430664 74.1600036621094 79.0400009155273 81.6800003051758 83.7300033569336 87.3600006103516 91.0899963378906 94.2300033569336 98.0800018310547 102.860000610352 105.629997253418 105.910003662109 105.650001525879 -3.4e+38 -3.4e+38 -3.4e+38 -3.4e+38 -3.4e+38 -3.4e+38 -3.4e+38 -3.4e+38 -3.4e+38 -3.4e+38 -3.4e+38 -3.4e+38 -3.4e+38 -3.4e+38 -3.4e+38 -3.4e+38
10.6899995803833 18.4200000762939 30.3500003814697 43.189998626709 52.5099983215332 51.4900016784668 30.8899993896484 25.2999992370605 40.3400001525879 48.2700004577637 48.75 49.2200012207031 52.6599998474121 58.0999984741211 61.4900016784668 65.5299987792969 70.4400024414062 71.6600036621094 70.5599975585938 71.4800033569336 74.4700012207031 76.620002746582 74.0400009155273 68.8899993896484 67.9899978637695 70.629997253418 73.1900024414062 77.0500030517578 79.8600006103516 81.129997253418 84.4899978637695 90.4400024414062 97 102.110000610352 103.129997253418 102.890625 105 -3.4e+38 -3.4e+38 -3.4e+38 -3.4e+38 -3.4e+38 -3.4e+38 -3.4e+38 -3.4e+38 -3.4e+38 -3.4e+38 -3.4e+38 -3.4e+38 -3.4e+38 -3.4e+38 -3.4e+38 -3.4e+38
10.1300001144409 21.0799999237061 33.0999984741211 42.6800003051758 49.4300003051758 48.2000007629395 27.4699993133545 21.6700000762939 40.6599998474121 44.4599990844727 44.1399993896484 44.8199996948242 47.9099998474121 55.1800003051758 62.0800018310547 67.0999984741211 67.7600021362305 66.9000015258789 65.8300018310547 66.9199981689453 70.0699996948242 72.6900024414062 70.5800018310547 65.620002746582 65.8199996948242 67.9700012207031 67.2799987792969 69.370002746582 72.6900024414062 76.0800018310547 81.9000015258789 89.8199996948242 97.4800033569336 103.559997558594 103.734375 102 -3.4e+38 -3.4e+38 -3.4e+38 -3.4e+38 -3.4e+38 -3.4e+38 -3.4e+38 -3.4e+38 -3.4e+38 -3.4e+38 -3.4e+38 -3.4e+38 -3.4e+38 -3.4e+38 -3.4e+38 -3.4e+38 -3.4e+38
16.2099990844727 23.2199993133545 31.1800003051758 38.6599998474121 39.9799995422363 37.9599990844727 27.6299991607666 21.0300006866455 34.4900016784668 38.2299995422363 38.0099983215332 39.8800010681152 45.3699989318848 52.9599990844727 60.2000007629395 64.25 64.4599990844727 63.8600006103516 63.5299987792969 64.8899993896484 67.1100006103516 68.9000015258789 68.4899978637695 66.0699996948242 65.120002746582 65.0599975585938 63.1599998474121 60.8400001525879 62.8899993896484 71.4700012207031 81.3000030517578 90.0999984741211 93.96875 103.900001525879 104 -3.4e+38 -3.4e+38 -3.4e+38 -3.4e+38 -3.4e+38 -3.4e+38 -3.4e+38 -3.4e+38 -3.4e+38 -3.4e+38 -3.4e+38 -3.4e+38 -3.4e+38 -3.4e+38 -3.4e+38 -3.4e+38 -3.4e+38 -3.4e+38
15.8800001144409 19.4899997711182 25.8400001525879 28.1100006103516 22.5 20.9400005340576 21.7800006866455 23.6399993896484 35.2200012207031 36.810001373291 35.0999984741211 37.1500015258789 42.75 47.6399993896484 53.6100006103516 59.0699996948242 61.1199989318848 61.2000007629395 61.5900001525879 62.8600006103516 64.5100021362305 66.2200012207031 67.7300033569336 67.4300003051758 66.0400009155273 63.6100006103516 60.1199989318848 57.6500015258789 61.0099983215332 71.5400009155273 83.8899993896484 91.796875 93 -3.4e+38 -3.4e+38 -3.4e+38 -3.4e+38 -3.4e+38 -3.4e+38 -3.4e+38 -3.4e+38 -3.4e+38 -3.4e+38 -3.4e+38 -3.4e+38 -3.4e+38 -3.4e+38 -3.4e+38 -3.4e+38 -3.4e+38 -3.4e+38 -3.4e+38 -3.4e+38
7.86999988555908 11.1700000762939 18.8600006103516 22.3999996185303 16.9200000762939 11.5799999237061 14.3299999237061 27.1700000762939 36.9900016784668 36.5299987792969 34.9300003051758 36.2000007629395 39.2599983215332 42.1100006103516 46.9099998474121 53.1300010681152 56.7999992370605 58.0200004577637 59.2400016784668 59.8600006103516 61.7000007629395 65.3600006103516 68.1999969482422 68.3399963378906 66.9499969482422 63.6800003051758 60.7900009155273 62.2200012207031 66.879997253418 75.6600036621094 84.0199966430664 87.933334350586 -3.4e+38 -3.4e+38 -3.4e+38 -3.4e+38 -3.4e+38 -3.4e+38 -3.4e+38 -3.4e+38 -3.4e+38 -3.4e+38 -3.4e+38 -3.4e+38 -3.4e+38 -3.4e+38 -3.4e+38 -3.4e+38 -3.4e+38 -3.4e+38 -3.4e+38 -3.4e+38 -3.4e+38
0.479999989271164 6.26999998092651 12.5299997329712 15.3000001907349 10.9399995803833 6.38000011444092 10.9700002670288 23.5799999237061 31.7399997711182 33.8300018310547 33.5099983215332 34.5099983215332 36.5800018310547 39.8600006103516 43.8899993896484 48.5400009155273 52 53.7099990844727 56.7900009155273 61.2099990844727 65.5400009155273 67.879997253418 68.6900024414062 67.9100036621094 66.8600006103516 65.1500015258789 64.0100021362305 65.3600006103516 69.3499984741211 76.5400009155273 81.578125 87 -3.4e+38 -3.4e+38 -3.4e+38 -3.4e+38 -3.4e+38 -3.4e+38 -3.4e+38 -3.4e+38 -3.4e+38 -3.4e+38 -3.4e+38 -3.4e+38 -3.4e+38 -3.4e+38 -3.4e+38 -3.4e+38 -3.4e+38 -3.4e+38 -3.4e+38 -3.4e+38 -3.4e+38
