pkg/rmaxent/inst/layers/tmn6190_ann.asc
NCOLS 122 
NROWS 160 
XLLCORNER -94.8 
YLLCORNER -56.45 
CELLSIZE 0.5 
NODATA_value -3.4e+38 
[rows 46 to 68 of 160, columns 53 to 105 of 122]
202.630004882812 203.279998779297 204.179992675781 204.289993286133 201.070007324219 198.660003662109 201.350006103516 205.369995117188 208.690002441406 209.949996948242 210.789993286133 212.410003662109 213.679992675781 215.289993286133 215.75 215.75 216.050003051758 215.710006713867 216.160003662109 217.460006713867 217.779998779297 217.580001831055 217.710006713867 217.580001831055 214.229995727539 209.940002441406 209.619995117188 209.589996337891 209.889999389648 212.259994506836 215.679992675781 218.300003051758 220.520004272461 223.509994506836 225.649993896484 227.210006713867 224.947921752930 221.425918579102 -3.4e+38 -3.4e+38 -3.4e+38 -3.4e+38 -3.4e+38 -3.4e+38 -3.4e+38 -3.4e+38 -3.4e+38 -3.4e+38 -3.4e+38 -3.4e+38 -3.4e+38 -3.4e+38 -3.4e+38
201.789993286133 204.229995727539 205.039993286133 205.889999389648 206.539993286133 208.149993896484 209.440002441406 210.520004272461 211.740005493164 212.800003051758 213.740005493164 214.869995117188 216.330001831055 217.550003051758 216.029998779297 213.479995727539 214.029998779297 215.770004272461 217.940002441406 220.380004882812 220.300003051758 219.899993896484 220.130004882812 219.490005493164 216.809997558594 214.690002441406 213.5 212.580001831055 213.289993286133 214.899993896484 216.809997558594 218.429992675781 220.089996337891 223.979995727539 226.100006103516 226.470001220703 225.139999389648 225.135421752930 226.433334350586 223.933334350586 220.907409667969 -3.4e+38 -3.4e+38 -3.4e+38 -3.4e+38 -3.4e+38 -3.4e+38 -3.4e+38 -3.4e+38 -3.4e+38 -3.4e+38 -3.4e+38 -3.4e+38
201.970001220703 204.949996948242 205 205.889999389648 207.360000610352 208.970001220703 210.729995727539 211.970001220703 212.5 213.550003051758 214.5 215.779998779297 217.369995117188 218 216.789993286133 214.860000610352 215.600006103516 217.800003051758 220.339996337891 222.190002441406 222.580001831055 222.259994506836 221.929992675781 221.130004882812 219.050003051758 217.320007324219 215.880004882812 214.970001220703 215.630004882812 215.979995727539 216.619995117188 218 220.25 222.570007324219 223.320007324219 222.940002441406 222.649993896484 223.899993896484 225.289993286133 223.009994506836 219.0625 218.266662597656 218.777770996094 220.555557250977 -3.4e+38 -3.4e+38 -3.4e+38 -3.4e+38 -3.4e+38 -3.4e+38 -3.4e+38 -3.4e+38 -3.4e+38
202.190002441406 204.490005493164 205.190002441406 206.289993286133 208.039993286133 209.839996337891 210.919998168945 212.350006103516 213.630004882812 214.720001220703 215.25 216.690002441406 217.970001220703 218.360000610352 218.460006713867 218 218.520004272461 219.289993286133 220.919998168945 222.740005493164 223.889999389648 224.179992675781 224.220001220703 223.210006713867 221.330001831055 218.570007324219 216.360000610352 215.600006103516 216.520004272461 217.279998779297 217.539993286133 219.169998168945 220.809997558594 220.619995117188 219.589996337891 218.25 218.690002441406 220.699996948242 221.130004882812 219.649993896484 217.300003051758 215.309997558594 215.059997558594 216.885421752930 217.833328247070 219.399993896484 220 -3.4e+38 -3.4e+38 -3.4e+38 -3.4e+38 -3.4e+38 -3.4e+38
202.270004272461 204.009994506836 204.740005493164 205.990005493164 208.229995727539 210.360000610352 211.770004272461 213.300003051758 214.419998168945 215 215.779998779297 217.399993896484 218.320007324219 219.619995117188 220.580001831055 220.559997558594 220.440002441406 220.380004882812 221.320007324219 222.809997558594 224.289993286133 225.320007324219 225.639999389648 224.279998779297 221.75 218.490005493164 216.869995117188 217.479995727539 218.830001831055 220.399993896484 220.190002441406 220.639999389648 219.649993896484 217.589996337891 215.800003051758 214.570007324219 215.240005493164 216.869995117188 217.039993286133 215.970001220703 214.539993286133 212.850006103516 213.320007324219 215.789993286133 217.809997558594 219.429992675781 220.802078247070 222 -3.4e+38 -3.4e+38 -3.4e+38 -3.4e+38 -3.4e+38
202.880004882812 204.160003662109 205.720001220703 206.399993896484 208.589996337891 211.589996337891 213.130004882812 214.309997558594 215.279998779297 215.899993896484 216.570007324219 218.179992675781 218.979995727539 220.160003662109 221.889999389648 222.009994506836 221.970001220703 221.880004882812 221.679992675781 222.279998779297 224.570007324219 226.479995727539 227.889999389648 226.5 221.229995727539 215.529998779297 213.830001831055 216.009994506836 217.050003051758 217.169998168945 216.350006103516 215.869995117188 215.619995117188 214.889999389648 213.479995727539 212.399993896484 212.759994506836 213.839996337891 213.630004882812 212.660003662109 212.020004272461 211.550003051758 212.399993896484 214.330001831055 217.080001831055 219.539993286133 221.460006713867 221.5 219.444442749023 219.388885498047 219.370376586914 -3.4e+38 -3.4e+38
203 204.279998779297 206.259994506836 207.179992675781 209.130004882812 211.940002441406 213.779998779297 215.270004272461 215.979995727539 216 216.470001220703 217.839996337891 219.100006103516 220.570007324219 222.139999389648 223.350006103516 224.490005493164 223.710006713867 222.320007324219 221.949996948242 223.309997558594 225.669998168945 227.679992675781 226.559997558594 220.119995117188 213.429992675781 208.869995117188 209.470001220703 212.070007324219 212.440002441406 211.940002441406 211.320007324219 212.029998779297 212.869995117188 212.070007324219 211.039993286133 211.479995727539 212.119995117188 211.729995727539 211.399993896484 211.029998779297 209.949996948242 210.729995727539 211.970001220703 214.279998779297 217.940002441406 219.979995727539 221.800003051758 223.072921752930 222.893615722656 222.552078247070 223.144439697266 221.155548095703
203.320007324219 205.039993286133 206.679992675781 207.080001831055 209.589996337891 212.649993896484 214.559997558594 215.970001220703 216 215.949996948242 216.25 217.009994506836 217.690002441406 219.419998168945 221.220001220703 222.369995117188 223.809997558594 223.169998168945 221.300003051758 220.350006103516 221 222.300003051758 222.509994506836 221.179992675781 217.360000610352 212.139999389648 208.050003051758 207.089996337891 207.699996948242 207.710006713867 207.339996337891 207.050003051758 207.919998168945 208.600006103516 208.830001831055 209.509994506836 210.179992675781 210.389999389648 209.960006713867 209.360000610352 208.179992675781 206.509994506836 206.770004272461 207.380004882812 210.289993286133 215.270004272461 217.520004272461 219.020004272461 219.770004272461 219.240005493164 218.940002441406 219.289993286133 218.800003051758
204.169998168945 205.300003051758 207.139999389648 208.100006103516 210.089996337891 212.75 214.309997558594 214.979995727539 214.910003662109 214.630004882812 214.600006103516 215.440002441406 216.399993896484 218.199996948242 220.309997558594 220.699996948242 220.880004882812 220.830001831055 219.610000610352 218.550003051758 217.899993896484 217.979995727539 218.259994506836 217.350006103516 214.660003662109 210.880004882812 207.309997558594 205.139999389648 205.119995117188 204.809997558594 204.139999389648 204.020004272461 204.220001220703 204.300003051758 205.259994506836 207.210006713867 208.710006713867 209.789993286133 209.429992675781 207.880004882812 205.199996948242 203.320007324219 201.529998779297 200.979995727539 206.050003051758 210.770004272461 213.839996337891 214.550003051758 213.130004882812 212.160003662109 213.070007324219 214.330001831055 213.649993896484
205.899993896484 206.229995727539 206.520004272461 208.160003662109 210.309997558594 211.529998779297 212.580001831055 213.190002441406 212.850006103516 212.339996337891 212.350006103516 212.889999389648 214.130004882812 215.990005493164 217.720001220703 218.240005493164 218.539993286133 218.070007324219 216.470001220703 215.580001831055 214.809997558594 214.529998779297 213.699996948242 213.199996948242 211.759994506836 208.889999389648 204.649993896484 202.020004272461 201.789993286133 201.679992675781 200.470001220703 199.270004272461 199.089996337891 199.160003662109 199.100006103516 201.279998779297 205.020004272461 207.660003662109 207.75 205.820007324219 202.589996337891 200.350006103516 198.899993896484 197.479995727539 199.350006103516 203.869995117188 207.589996337891 208.679992675781 208.029998779297 208.139999389648 208.690002441406 208.149993896484 207.210006713867
206 206.020004272461 206.020004272461 207.449996948242 209.470001220703 210.149993896484 210.410003662109 210.5 210.440002441406 210.350006103516 210.529998779297 211.440002441406 212.179992675781 213.169998168945 214.720001220703 215.300003051758 215.660003662109 215.050003051758 213.300003051758 212.759994506836 212.119995117188 211.389999389648 210.25 209.809997558594 207.800003051758 204.440002441406 201.270004272461 199.279998779297 198.020004272461 196.169998168945 195.460006713867 194.779998779297 194.199996948242 193.490005493164 192.309997558594 194.740005493164 200.910003662109 205.100006103516 205.679992675781 202.449996948242 197.070007324219 193.339996337891 192.580001831055 190.990005493164 191.779998779297 197.5 201.570007324219 203.039993286133 203.289993286133 204.789993286133 205.710006713867 205.649993896484 203.490005493164
204.949996948242 205.440002441406 206.399993896484 207.589996337891 208.070007324219 208.550003051758 208.990005493164 209 208.910003662109 208.630004882812 208.619995117188 209.580001831055 210.190002441406 210.649993896484 211.729995727539 212.300003051758 212.059997558594 211.490005493164 210.479995727539 209.360000610352 208.580001831055 207.570007324219 206.910003662109 205.729995727539 203.75 200.789993286133 198.300003051758 196.639999389648 193.110000610352 189.919998168945 189.509994506836 188.779998779297 186.119995117188 185.740005493164 186.179992675781 190.679992675781 197.669998168945 202.979995727539 205.059997558594 202.639999389648 197.130004882812 189.710006713867 184.460006713867 183.029998779297 185.600006103516 190.509994506836 194.649993896484 196.910003662109 198.850006103516 201.949996948242 203.160003662109 203.820007324219 201.990005493164
203.130004882812 204.119995117188 204.380004882812 204.880004882812 206.029998779297 207.020004272461 207.190002441406 207.139999389648 206.75 206.179992675781 206.429992675781 207.070007324219 207.639999389648 208.210006713867 208.729995727539 209.240005493164 208.839996337891 208.139999389648 207.350006103516 205.529998779297 204.740005493164 204.669998168945 203.369995117188 201.910003662109 200.679992675781 198.100006103516 195.190002441406 193.839996337891 189.440002441406 184.460006713867 184.110000610352 183.690002441406 179.869995117188 179.789993286133 182.110000610352 187.809997558594 193.899993896484 198.600006103516 200.089996337891 198.580001831055 194.679992675781 187.960006713867 182.470001220703 178 179.949996948242 184.75 190.029998779297 193.119995117188 197.580001831055 201.289993286133 201.850006103516 202.940002441406 201.300003051758
201.889999389648 202.190002441406 202.199996948242 202.589996337891 203.589996337891 204.300003051758 204.300003051758 203.970001220703 203.460006713867 202.960006713867 202.600006103516 203.309997558594 204.639999389648 205.199996948242 205.639999389648 205.899993896484 205.039993286133 204.059997558594 203.110000610352 201.270004272461 200.660003662109 200.789993286133 198.550003051758 197.520004272461 196.130004882812 194.25 191.350006103516 189.240005493164 185.570007324219 180.050003051758 178.850006103516 179.360000610352 175.910003662109 173.710006713867 177.070007324219 182.839996337891 186.669998168945 190.110000610352 192.240005493164 193.410003662109 191.110000610352 186.320007324219 181.5 175.009994506836 175.929992675781 179.699996948242 185.550003051758 191.309997558594 195.009994506836 199.589996337891 203.509994506836 203.110000610352 198.639999389648
199.289993286133 199.5 199.800003051758 200.410003662109 200.889999389648 201.5 201.5 201.029998779297 200.300003051758 199.970001220703 199.309997558594 199.800003051758 200.820007324219 201.300003051758 201.679992675781 202.25 201.330001831055 199.869995117188 199.020004272461 197.720001220703 196.960006713867 196.139999389648 193.259994506836 191.639999389648 190.669998168945 190.059997558594 187.75 184.940002441406 181.619995117188 177.550003051758 174.729995727539 173.619995117188 172.539993286133 172.279998779297 174.320007324219 178.070007324219 181 184.210006713867 188.369995117188 189.059997558594 187.559997558594 186.330001831055 180.770004272461 174.429992675781 175.839996337891 179.850006103516 185.149993896484 190.160003662109 195.729995727539 201.490005493164 205.369995117188 204.919998168945 198.490005493164
196.529998779297 198.039993286133 198.539993286133 199.100006103516 199.539993286133 200.050003051758 199.910003662109 198.929992675781 197.399993896484 197.179992675781 196.75 196.660003662109 196.899993896484 196.559997558594 196.729995727539 197.240005493164 196.470001220703 194.610000610352 195.089996337891 195.75 195.039993286133 190.440002441406 184.550003051758 183.850006103516 183.300003051758 182.259994506836 181.289993286133 178.929992675781 176.869995117188 174.830001831055 172.160003662109 170.990005493164 170.570007324219 171.119995117188 171.770004272461 173.830001831055 176.740005493164 181.429992675781 185.199996948242 184.020004272461 185.639999389648 187.740005493164 184.110000610352 180.520004272461 181.699996948242 185.479995727539 190.130004882812 193.380004882812 197.320007324219 202.520004272461 205.139999389648 205 201.369995117188
194.25 196.759994506836 197.729995727539 198.330001831055 198.949996948242 198.669998168945 197.940002441406 196.789993286133 195.289993286133 193.970001220703 193.460006713867 193.050003051758 192.25 192.199996948242 193.429992675781 194 192.649993896484 190.229995727539 190.460006713867 191.229995727539 190.619995117188 187.020004272461 179.419998168945 176.25 177.300003051758 177.100006103516 177.089996337891 176.039993286133 174.220001220703 173.130004882812 172.259994506836 170.970001220703 169.649993896484 169.399993896484 169.880004882812 171.029998779297 173.429992675781 179.050003051758 182.669998168945 182.389999389648 184.820007324219 187.110000610352 184.75 181.919998168945 182.190002441406 184.960006713867 188.990005493164 190.179992675781 192.130004882812 198.360000610352 201.729995727539 203.210006713867 202.350006103516
190.860000610352 193.720001220703 194.990005493164 195.860000610352 197.610000610352 197.229995727539 196.270004272461 194.490005493164 192.639999389648 190.979995727539 190.199996948242 189.800003051758 188.509994506836 187.919998168945 188.690002441406 188.889999389648 188.580001831055 187.740005493164 186.929992675781 186.639999389648 186.440002441406 183.949996948242 177.25 171.399993896484 169.399993896484 169.919998168945 171.389999389648 171.270004272461 170.520004272461 171.220001220703 170.649993896484 169.960006713867 168.479995727539 168.559997558594 167.630004882812 167.460006713867 171.589996337891 176.990005493164 179.619995117188 180.240005493164 182.550003051758 181.600006103516 179.259994506836 176.820007324219 178.600006103516 180.490005493164 182.460006713867 187.789993286133 191.399993896484 195.179992675781 198.039993286133 200.75 200.910003662109
189.199996948242 191.520004272461 192.389999389648 193.220001220703 195.179992675781 195.649993896484 194.399993896484 192.75 190.910003662109 188.410003662109 186.610000610352 185.490005493164 184.960006713867 184.380004882812 185.020004272461 185.600006103516 185 184.630004882812 183.759994506836 183.119995117188 182.649993896484 181.149993896484 177.649993896484 171.619995117188 166.75 165.350006103516 165.289993286133 165.520004272461 166.059997558594 167.940002441406 168.380004882812 168.770004272461 166.699996948242 164.339996337891 164.970001220703 167.380004882812 173.710006713867 177.880004882812 177.830001831055 177.789993286133 180.649993896484 177.889999389648 174.289993286133 171.860000610352 175.279998779297 176.830001831055 178.320007324219 185.990005493164 190.619995117188 190.229995727539 190.460006713867 195.660003662109 198.100006103516
187.050003051758 189.509994506836 190.660003662109 191.809997558594 194.080001831055 193.919998168945 192.559997558594 191.279998779297 189.539993286133 185.970001220703 183.110000610352 181.419998168945 181.410003662109 181.139999389648 180.720001220703 181.009994506836 178.960006713867 178.809997558594 178.839996337891 178.630004882812 176.710006713867 175.800003051758 175.929992675781 172.429992675781 168.059997558594 164.210006713867 161.649993896484 162.119995117188 164.199996948242 165.380004882812 164.360000610352 165.570007324219 167.020004272461 163.899993896484 163.850006103516 170.169998168945 176.669998168945 178.520004272461 177.110000610352 177.399993896484 179.830001831055 177.880004882812 171.740005493164 168.320007324219 171.850006103516 171.330001831055 173.100006103516 180.479995727539 185.369995117188 183.880004882812 185.259994506836 190.619995117188 192.800003051758
184.839996337891 187.910003662109 189.660003662109 191.330001831055 193.490005493164 193.240005493164 191.919998168945 190.889999389648 188.229995727539 185.220001220703 183.270004272461 180.809997558594 179.740005493164 178.179992675781 176.699996948242 177.119995117188 174.979995727539 174.149993896484 173.389999389648 173.509994506836 172.399993896484 169.800003051758 169.429992675781 168.940002441406 168.610000610352 165.350006103516 161.089996337891 160.220001220703 161.960006713867 163.639999389648 165.179992675781 167.529998779297 167.539993286133 164.660003662109 165.529998779297 172.440002441406 177.399993896484 177.619995117188 175.479995727539 175.869995117188 177.369995117188 175.289993286133 169.800003051758 165.809997558594 166.889999389648 165.449996948242 167.740005493164 172.710006713867 175.880004882812 180.419998168945 185.130004882812 188.860000610352 190.259994506836
182.679992675781 186.330001831055 189.210006713867 191.770004272461 193 192.679992675781 190.600006103516 187.460006713867 183.860000610352 181.550003051758 180.919998168945 178.210006713867 176.240005493164 174.779998779297 173.479995727539 173.179992675781 172.070007324219 170.970001220703 169.580001831055 169.350006103516 169.160003662109 165.710006713867 162.699996948242 162.070007324219 164.279998779297 165.720001220703 162.830001831055 159.699996948242 158.889999389648 162.669998168945 165.919998168945 166.690002441406 166.509994506836 164.869995117188 167.259994506836 173.139999389648 175.199996948242 174.350006103516 174 174.440002441406 173.649993896484 172.75 169.25 162 155.690002441406 153.919998168945 157.639999389648 163.619995117188 168.800003051758 175.899993896484 183.169998168945 187.429992675781 185.910003662109
179.309997558594 184.699996948242 188.850006103516 192.429992675781 193.429992675781 192.630004882812 189.789993286133 182.080001831055 175.080001831055 174.910003662109 176.020004272461 175.389999389648 174.259994506836 173.210006713867 171.389999389648 170.669998168945 170.029998779297 168.119995117188 166.649993896484 166.289993286133 166.479995727539 164.380004882812 159.350006103516 157.539993286133 161.029998779297 162.460006713867 159.229995727539 157.490005493164 158.910003662109 163.550003051758 165.850006103516 165.679992675781 166.199996948242 167.300003051758 169.759994506836 173.169998168945 174.919998168945 173.729995727539 172.919998168945 173.240005493164 171.339996337891 169.600006103516 165.820007324219 158.050003051758 151.169998168945 148.050003051758 148.940002441406 152.779998779297 161.25 172.940002441406 180.880004882812 184.210006713867 178.889999389648
