pkg/rmaxent/inst/layers/tmp6190_ann.asc
NCOLS 122 
NROWS 160 
XLLCORNER -94.8 
YLLCORNER -56.45 
CELLSIZE 0.5 
NODATA_value -3.4e+38 
[rows 92 to 114 of 160, columns 53 to 105 of 122]
67.2200012207031 35.2200012207031 38.9700012207031 49.060001373291 71.7200012207031 86.120002746582 122.739997863770 195.580001831055 220.559997558594 228.649993896484 232 231.929992675781 233.100006103516 235.419998168945 238.389999389648 241.539993286133 243.789993286133 244.440002441406 244.399993896484 244.789993286133 244.929992675781 243.149993896484 240.229995727539 236.360000610352 227.779998779297 220.410003662109 223.080001831055 226.009994506836 227 226.149993896484 219.419998168945 213.369995117188 211.860000610352 214.470001220703 217.699996948242 217.690002441406 216.190002441406 213.399993896484 210.130004882812 209.589996337891 210.460006713867 209 204.759994506836 189.639999389648 176.880004882812 180.059997558594 185.190002441406 191.229995727539 208.679992675781 224.080001831055 224.850006103516 223.929992675781 227.65625
85.0100021362305 44.6500015258789 47.3600006103516 54.9199981689453 66.9800033569336 82.8899993896484 117.209999084473 184.380004882812 223.220001220703 229.539993286133 231.410003662109 231.979995727539 232.410003662109 234.279998779297 236.520004272461 237.850006103516 239.050003051758 239.300003051758 238.899993896484 239.580001831055 240.199996948242 238.740005493164 236.559997558594 233.589996337891 227.259994506836 220.520004272461 220.220001220703 223.100006103516 224.589996337891 221.020004272461 213.399993896484 205.020004272461 198.089996337891 201.289993286133 209.589996337891 211.869995117188 210.699996948242 207.050003051758 203.380004882812 202.020004272461 203.830001831055 204.339996337891 200.279998779297 194.139999389648 190.520004272461 187.740005493164 190.559997558594 203.110000610352 215.809997558594 226.949996948242 227.921875 230.199996948242 232
78.370002746582 43.189998626709 47.5 58.060001373291 69.7399978637695 92.9499969482422 145.199996948242 195.880004882812 220.279998779297 228.669998168945 231.399993896484 232 231.979995727539 232.880004882812 234.25 234.880004882812 235.619995117188 235.660003662109 235.5 235.910003662109 236.160003662109 234.889999389648 232.919998168945 230.449996948242 225.910003662109 220.110000610352 218.660003662109 221.669998168945 221.320007324219 214.470001220703 205.800003051758 201.039993286133 197.190002441406 195.679992675781 198.490005493164 200.610000610352 201.820007324219 199.619995117188 197.160003662109 196.559997558594 197.630004882812 196.539993286133 194.740005493164 197.809997558594 200.100006103516 193.979995727539 189.296875 205.5 217.399993896484 227 227 -3.4e+38 -3.4e+38
54.1500015258789 48.3899993896484 46.1699981689453 45.6599998474121 57.560001373291 103.669998168945 170.860000610352 192.789993286133 205.520004272461 227.240005493164 231.119995117188 231.720001220703 231.100006103516 230.550003051758 231.970001220703 233.360000610352 233.899993896484 233.899993896484 234.020004272461 234.179992675781 234.169998168945 233.229995727539 231.559997558594 229.029998779297 224.820007324219 219.490005493164 216.570007324219 218.789993286133 217.160003662109 211.820007324219 205.029998779297 199.160003662109 197.490005493164 195.820007324219 194.460006713867 191.089996337891 187.410003662109 185.559997558594 186.929992675781 190.330001831055 200.039993286133 209.080001831055 207.360000610352 206.949996948242 211.671875 195 189 -3.4e+38 -3.4e+38 -3.4e+38 -3.4e+38 -3.4e+38 -3.4e+38
43.9500007629395 55.9700012207031 48.5200004577637 48.1399993896484 68.120002746582 125.839996337891 174.179992675781 186.720001220703 208.330001831055 224.720001220703 228.389999389648 228.759994506836 228.139999389648 227.259994506836 229.080001831055 230.639999389648 231.199996948242 231.580001831055 232.429992675781 232.539993286133 232.190002441406 231.729995727539 229.770004272461 224.960006713867 219.039993286133 216.25 215.470001220703 215.970001220703 211.550003051758 204.679992675781 201.889999389648 196.940002441406 191.470001220703 190.979995727539 190.600006103516 184.919998168945 179.080001831055 181.929992675781 189.949996948242 194.289993286133 205.270004272461 212.610000610352 211.90625 209 215 -3.4e+38 -3.4e+38 -3.4e+38 -3.4e+38 -3.4e+38 -3.4e+38 -3.4e+38 -3.4e+38
33.7299995422363 41.6800003051758 40.9900016784668 61.5699996948242 99.129997253418 140.529998779297 181.220001220703 199.050003051758 213.759994506836 222.740005493164 225.330001831055 225.619995117188 225.100006103516 224.710006713867 225.779998779297 226.740005493164 227.320007324219 228.059997558594 229.520004272461 229.320007324219 229.270004272461 229.279998779297 225.75 220.860000610352 215.850006103516 214.339996337891 214.699996948242 213.899993896484 208.720001220703 201.580001831055 197.190002441406 193.25 187.660003662109 182.860000610352 183.740005493164 183.570007324219 180.020004272461 178.130004882812 181.839996337891 193.009994506836 203.410003662109 206.84375 212 -3.4e+38 -3.4e+38 -3.4e+38 -3.4e+38 -3.4e+38 -3.4e+38 -3.4e+38 -3.4e+38 -3.4e+38 -3.4e+38
35.2700004577637 42.939998626709 37.9099998474121 63.5299987792969 115.379997253418 152.5 179.270004272461 200.949996948242 213.690002441406 221 223.139999389648 224.100006103516 223.740005493164 223.179992675781 222.570007324219 222.110000610352 222.899993896484 223.869995117188 224.630004882812 224.389999389648 224.710006713867 224.440002441406 220.839996337891 216.839996337891 212.570007324219 210.660003662109 211.559997558594 211.479995727539 207.360000610352 202.039993286133 197.190002441406 193.320007324219 184.759994506836 177.809997558594 179.809997558594 181.559997558594 179.389999389648 176.139999389648 180.360000610352 195.509994506836 203.546875 205 -3.4e+38 -3.4e+38 -3.4e+38 -3.4e+38 -3.4e+38 -3.4e+38 -3.4e+38 -3.4e+38 -3.4e+38 -3.4e+38 -3.4e+38
30.3999996185303 50.060001373291 49.5 56.7700004577637 99.7699966430664 152.509994506836 180.470001220703 197.410003662109 213.240005493164 219.589996337891 222.259994506836 222.889999389648 222.759994506836 221.770004272461 219.899993896484 218.949996948242 218.949996948242 219.850006103516 220.419998168945 221.070007324219 222.809997558594 222.720001220703 220.169998168945 217.229995727539 212.660003662109 208.520004272461 208.089996337891 207.610000610352 202.070007324219 195.800003051758 192.380004882812 189.699996948242 183.380004882812 180.169998168945 180.119995117188 179.639999389648 177.940002441406 179.110000610352 190.309997558594 202.375 204 -3.4e+38 -3.4e+38 -3.4e+38 -3.4e+38 -3.4e+38 -3.4e+38 -3.4e+38 -3.4e+38 -3.4e+38 -3.4e+38 -3.4e+38 -3.4e+38
24.4500007629395 48.1500015258789 56.6300010681152 75.7799987792969 102.559997558594 143.970001220703 186.160003662109 202.820007324219 213.309997558594 217.389999389648 219.889999389648 220.669998168945 219.869995117188 218.839996337891 217.639999389648 216.669998168945 216.160003662109 216.259994506836 216.699996948242 218.429992675781 220.610000610352 221.190002441406 220.619995117188 218.330001831055 214.440002441406 211.050003051758 208.679992675781 205.899993896484 201.669998168945 198.529998779297 196.880004882812 196.240005493164 187.960006713867 177.470001220703 175.330001831055 173.570007324219 177.149993896484 187.490005493164 198.369995117188 203.033340454102 -3.4e+38 -3.4e+38 -3.4e+38 -3.4e+38 -3.4e+38 -3.4e+38 -3.4e+38 -3.4e+38 -3.4e+38 -3.4e+38 -3.4e+38 -3.4e+38 -3.4e+38
47.2799987792969 82.379997253418 90.4499969482422 107.690002441406 121.650001525879 170.929992675781 196.869995117188 205.789993286133 211.699996948242 214.559997558594 215.850006103516 216.440002441406 215.960006713867 215 213.970001220703 213.279998779297 212.869995117188 212.089996337891 212.690002441406 215.429992675781 217.960006713867 219.380004882812 220.529998779297 219.449996948242 215.25 211.460006713867 207.889999389648 206.229995727539 206.080001831055 205.059997558594 203.919998168945 201.410003662109 195.630004882812 186.949996948242 179.419998168945 176.759994506836 180.039993286133 186.970001220703 192.929992675781 199.616668701172 -3.4e+38 -3.4e+38 -3.4e+38 -3.4e+38 -3.4e+38 -3.4e+38 -3.4e+38 -3.4e+38 -3.4e+38 -3.4e+38 -3.4e+38 -3.4e+38 -3.4e+38
66.5800018310547 119.819999694824 140.580001831055 157.350006103516 160.25 185.190002441406 199.259994506836 203.669998168945 209.089996337891 210.830001831055 211.5 211.619995117188 211.580001831055 211 209.740005493164 209.050003051758 209.130004882812 208.589996337891 209.330001831055 211.789993286133 214.289993286133 216.059997558594 217.589996337891 216.889999389648 214.059997558594 211.610000610352 209.210006713867 207.070007324219 203.970001220703 200.940002441406 199.080001831055 196.399993896484 191.910003662109 186.800003051758 179.130004882812 172.179992675781 168.119995117188 170.330001831055 180.110000610352 190.333328247070 -3.4e+38 -3.4e+38 -3.4e+38 -3.4e+38 -3.4e+38 -3.4e+38 -3.4e+38 -3.4e+38 -3.4e+38 -3.4e+38 -3.4e+38 -3.4e+38 -3.4e+38
84.120002746582 131.809997558594 168.580001831055 175.130004882812 169.490005493164 184.149993896484 195.110000610352 201.970001220703 206.679992675781 207.360000610352 207.419998168945 207.759994506836 207.869995117188 207.029998779297 206.350006103516 206.220001220703 206.240005493164 206.460006713867 207.759994506836 209.460006713867 210.759994506836 211.869995117188 212.630004882812 211.940002441406 210.460006713867 210.270004272461 209.289993286133 205.419998168945 201.119995117188 198.070007324219 194.330001831055 190.460006713867 185.559997558594 178.679992675781 171.179992675781 165.649993896484 157.429992675781 164.119995117188 186.509994506836 194.600006103516 -3.4e+38 -3.4e+38 -3.4e+38 -3.4e+38 -3.4e+38 -3.4e+38 -3.4e+38 -3.4e+38 -3.4e+38 -3.4e+38 -3.4e+38 -3.4e+38 -3.4e+38
114.449996948242 116.309997558594 157.059997558594 179.270004272461 182.149993896484 193.639999389648 200.5 205.149993896484 204.970001220703 203.460006713867 203.710006713867 204.320007324219 204.029998779297 203.460006713867 203.639999389648 203.839996337891 203.399993896484 203.789993286133 205.089996337891 206.619995117188 207.240005493164 207.779998779297 208.300003051758 207.779998779297 206.440002441406 205.490005493164 204.259994506836 200.149993896484 195.949996948242 195.139999389648 194.100006103516 188.490005493164 182.910003662109 178.779998779297 169.970001220703 161.440002441406 161.919998168945 177.919998168945 194 196 -3.4e+38 -3.4e+38 -3.4e+38 -3.4e+38 -3.4e+38 -3.4e+38 -3.4e+38 -3.4e+38 -3.4e+38 -3.4e+38 -3.4e+38 -3.4e+38 -3.4e+38
133.860000610352 132.789993286133 167.919998168945 192.5 202.479995727539 202.110000610352 204.580001831055 205.710006713867 199.279998779297 195.899993896484 199.710006713867 200.320007324219 200.360000610352 200.220001220703 200.729995727539 201.240005493164 201.289993286133 201.320007324219 201.860000610352 202.539993286133 202.899993896484 203.5 203.240005493164 202.300003051758 201.210006713867 199.960006713867 197.779998779297 194.619995117188 191.889999389648 191.970001220703 191.300003051758 187.380004882812 189.660003662109 187.919998168945 176.149993896484 163.529998779297 170.410003662109 188.078125 195.300003051758 196 -3.4e+38 -3.4e+38 -3.4e+38 -3.4e+38 -3.4e+38 -3.4e+38 -3.4e+38 -3.4e+38 -3.4e+38 -3.4e+38 -3.4e+38 -3.4e+38 -3.4e+38
156.139999389648 158.279998779297 184.050003051758 203.509994506836 208.259994506836 207.449996948242 206.149993896484 199.479995727539 188.600006103516 188.839996337891 194.960006713867 195.880004882812 196.320007324219 196.740005493164 197.679992675781 198.580001831055 199.179992675781 199.199996948242 199.220001220703 199 198.970001220703 199.589996337891 198.779998779297 197.149993896484 196.080001831055 196.029998779297 196.509994506836 195.399993896484 193.729995727539 193.940002441406 194.419998168945 194.470001220703 197.320007324219 198.029998779297 194.089996337891 186.070007324219 183.140625 190.833328247070 -3.4e+38 -3.4e+38 -3.4e+38 -3.4e+38 -3.4e+38 -3.4e+38 -3.4e+38 -3.4e+38 -3.4e+38 -3.4e+38 -3.4e+38 -3.4e+38 -3.4e+38 -3.4e+38 -3.4e+38
162.860000610352 165.169998168945 190.770004272461 201.190002441406 205.139999389648 206.660003662109 202.429992675781 189.240005493164 178.830001831055 186.720001220703 190.770004272461 191.440002441406 191.850006103516 193.119995117188 194.339996337891 195.190002441406 196.660003662109 196.830001831055 196.240005493164 196.139999389648 196.429992675781 196.990005493164 195.539993286133 192.320007324219 190.630004882812 191.320007324219 192.979995727539 193.169998168945 192.059997558594 192.190002441406 193.679992675781 193.5 194.089996337891 196.860000610352 197.960006713867 193.970001220703 192.066665649414 -3.4e+38 -3.4e+38 -3.4e+38 -3.4e+38 -3.4e+38 -3.4e+38 -3.4e+38 -3.4e+38 -3.4e+38 -3.4e+38 -3.4e+38 -3.4e+38 -3.4e+38 -3.4e+38 -3.4e+38 -3.4e+38
166.839996337891 169.940002441406 187.710006713867 192.639999389648 198.979995727539 201.990005493164 188.610000610352 171.649993896484 169.940002441406 183.080001831055 186.729995727539 186.889999389648 187.190002441406 189.190002441406 190.699996948242 192.039993286133 193.889999389648 194.160003662109 192.820007324219 192.320007324219 192.440002441406 192.5 190.949996948242 188 186.25 186.619995117188 189.520004272461 188.720001220703 186.220001220703 186.580001831055 187.149993896484 186.720001220703 189.259994506836 193.259994506836 194.139999389648 192.800003051758 192.116668701172 -3.4e+38 -3.4e+38 -3.4e+38 -3.4e+38 -3.4e+38 -3.4e+38 -3.4e+38 -3.4e+38 -3.4e+38 -3.4e+38 -3.4e+38 -3.4e+38 -3.4e+38 -3.4e+38 -3.4e+38 -3.4e+38
169.130004882812 174.949996948242 182.169998168945 190.679992675781 197.600006103516 193.669998168945 166.880004882812 157.580001831055 172.229995727539 181.089996337891 182.039993286133 181.360000610352 181.899993896484 184.699996948242 186.860000610352 188.309997558594 189.449996948242 189.199996948242 188.149993896484 187.839996337891 188.020004272461 187.600006103516 186.589996337891 183.800003051758 182.350006103516 183.460006713867 184.889999389648 185.720001220703 183.910003662109 181.979995727539 181.789993286133 183.949996948242 188.009994506836 190.800003051758 190.199996948242 189.890625 192 -3.4e+38 -3.4e+38 -3.4e+38 -3.4e+38 -3.4e+38 -3.4e+38 -3.4e+38 -3.4e+38 -3.4e+38 -3.4e+38 -3.4e+38 -3.4e+38 -3.4e+38 -3.4e+38 -3.4e+38 -3.4e+38
174.869995117188 181.880004882812 187.369995117188 191.429992675781 195.059997558594 189.820007324219 162.860000610352 153.949996948242 173.429992675781 176.600006103516 176.979995727539 176.979995727539 177.699996948242 180.679992675781 183.470001220703 184.789993286133 184.600006103516 184.240005493164 183.339996337891 183.179992675781 183.639999389648 183.440002441406 182.350006103516 179.580001831055 179.429992675781 181.610000610352 181.399993896484 182.149993896484 182.130004882812 180.270004272461 180.649993896484 183.970001220703 187.160003662109 188.949996948242 188.359375 189 -3.4e+38 -3.4e+38 -3.4e+38 -3.4e+38 -3.4e+38 -3.4e+38 -3.4e+38 -3.4e+38 -3.4e+38 -3.4e+38 -3.4e+38 -3.4e+38 -3.4e+38 -3.4e+38 -3.4e+38 -3.4e+38 -3.4e+38
179.940002441406 184.330001831055 187 188.929992675781 185.630004882812 179.690002441406 164.839996337891 155.399993896484 169.410003662109 172.619995117188 172.589996337891 172.919998168945 174.520004272461 177.369995117188 179.639999389648 180.580001831055 180.649993896484 180.470001220703 180.240005493164 180.550003051758 180.800003051758 179.960006713867 179.289993286133 178.190002441406 177.940002441406 179.089996337891 178.529998779297 177.869995117188 178.259994506836 179.039993286133 180.600006103516 183.169998168945 183.921875 188.600006103516 188 -3.4e+38 -3.4e+38 -3.4e+38 -3.4e+38 -3.4e+38 -3.4e+38 -3.4e+38 -3.4e+38 -3.4e+38 -3.4e+38 -3.4e+38 -3.4e+38 -3.4e+38 -3.4e+38 -3.4e+38 -3.4e+38 -3.4e+38 -3.4e+38
177.089996337891 181.410003662109 182.449996948242 176.5 165.289993286133 162.960006713867 161.360000610352 158.759994506836 168.649993896484 170.809997558594 169.779998779297 169.740005493164 171.610000610352 172.949996948242 174.520004272461 176.889999389648 178.449996948242 177.720001220703 177.199996948242 177.639999389648 177.869995117188 176.970001220703 176.720001220703 176.949996948242 176.539993286133 175.160003662109 173.020004272461 172.419998168945 174.229995727539 177.270004272461 180.279998779297 182.75 183 -3.4e+38 -3.4e+38 -3.4e+38 -3.4e+38 -3.4e+38 -3.4e+38 -3.4e+38 -3.4e+38 -3.4e+38 -3.4e+38 -3.4e+38 -3.4e+38 -3.4e+38 -3.4e+38 -3.4e+38 -3.4e+38 -3.4e+38 -3.4e+38 -3.4e+38 -3.4e+38
170.479995727539 176.610000610352 178.850006103516 172.869995117188 163.130004882812 158.559997558594 158.669998168945 165.160003662109 170.059997558594 170.539993286133 169.5 168.710006713867 168.429992675781 168.889999389648 170.309997558594 172.660003662109 174.440002441406 173.979995727539 173.550003051758 174.050003051758 174.610000610352 174.25 174.5 174.710006713867 173.479995727539 170.600006103516 168.440002441406 169.850006103516 171.850006103516 174.130004882812 177.130004882812 179.633331298828 -3.4e+38 -3.4e+38 -3.4e+38 -3.4e+38 -3.4e+38 -3.4e+38 -3.4e+38 -3.4e+38 -3.4e+38 -3.4e+38 -3.4e+38 -3.4e+38 -3.4e+38 -3.4e+38 -3.4e+38 -3.4e+38 -3.4e+38 -3.4e+38 -3.4e+38 -3.4e+38 -3.4e+38
163.050003051758 171.990005493164 175.190002441406 172.089996337891 165.940002441406 162.580001831055 163.869995117188 168.210006713867 170.490005493164 170 169.110000610352 167.240005493164 165.889999389648 165.830001831055 166.800003051758 168.369995117188 169.690002441406 169.929992675781 171.009994506836 172.529998779297 172.910003662109 172.039993286133 171.619995117188 171.240005493164 169.880004882812 167.270004272461 165.699996948242 167.039993286133 168.740005493164 170.679992675781 173.015625 179 -3.4e+38 -3.4e+38 -3.4e+38 -3.4e+38 -3.4e+38 -3.4e+38 -3.4e+38 -3.4e+38 -3.4e+38 -3.4e+38 -3.4e+38 -3.4e+38 -3.4e+38 -3.4e+38 -3.4e+38 -3.4e+38 -3.4e+38 -3.4e+38 -3.4e+38 -3.4e+38 -3.4e+38
