pkg/rmaxent/inst/layers/tmp6190_ann.asc
NCOLS 122 
NROWS 160 
XLLCORNER -94.8 
YLLCORNER -56.45 
CELLSIZE 0.5 
NODATA_value -3.4e+38 
[rows 69 to 91 of 160, columns 53 to 105 of 122]
259.779998779297 263.339996337891 265.899993896484 267.529998779297 268.220001220703 267.959991455078 265.25 259.910003662109 254.300003051758 252.830001831055 254.190002441406 255.690002441406 257.549987792969 256.950012207031 255.570007324219 255.270004272461 254.419998168945 251.809997558594 252.839996337891 255.539993286133 254.940002441406 254.660003662109 252.050003051758 248.949996948242 252.279998779297 254.149993896484 252.720001220703 253.830001831055 257.140014648438 259.399993896484 259.700012207031 258.579986572266 258.179992675781 260.660003662109 263.359985351562 265.290008544922 265.899993896484 264.910003662109 264.179992675781 264.429992675781 260.820007324219 255.220001220703 251.470001220703 245.899993896484 241.880004882812 242.360000610352 246.210006713867 251.339996337891 253.210006713867 253.550003051758 251.240005493164 245.190002441406 239.679992675781
259.440002441406 262.609985351562 264.799987792969 266.540008544922 267.820007324219 268.380004882812 266.640014648438 263.720001220703 261.630004882812 260.200012207031 257.559997558594 254.669998168945 254.639999389648 256.040008544922 255.149993896484 254.050003051758 252.720001220703 250.570007324219 251.889999389648 255.410003662109 255.100006103516 254.820007324219 253.169998168945 249.360000610352 251.690002441406 253.860000610352 252.529998779297 255.039993286133 259.100006103516 260.299987792969 259.970001220703 260.279998779297 258.790008544922 259.209991455078 263.140014648438 265.950012207031 265.640014648438 263.829986572266 262.549987792969 262.890014648438 260.309997558594 256.160003662109 253.160003662109 247.149993896484 240.800003051758 241.229995727539 245.139999389648 249.600006103516 249.619995117188 249.309997558594 246.850006103516 235.990005493164 230.089996337891
257.660003662109 259.829986572266 262.959991455078 265.459991455078 266.630004882812 267.660003662109 267.829986572266 267.079986572266 265.739990234375 264.209991455078 262.019989013672 258.950012207031 256.510009765625 254.729995727539 253.860000610352 254.410003662109 253.5 251.809997558594 254.240005493164 255.559997558594 255.25 255.839996337891 254.919998168945 252.600006103516 253.410003662109 253.710006713867 251.990005493164 256.019989013672 260.019989013672 261.700012207031 261.049987792969 260.480010986328 260.010009765625 259.709991455078 262.809997558594 265.089996337891 264.160003662109 261.109985351562 259.890014648438 261.630004882812 259.720001220703 255.720001220703 254.130004882812 248.949996948242 240.800003051758 240.440002441406 241.559997558594 240.75 240.929992675781 246.179992675781 246.389999389648 234.320007324219 222.279998779297
256.140014648438 258.75 261.989990234375 264.130004882812 265.839996337891 267.239990234375 267.920013427734 268.089996337891 267.380004882812 265.410003662109 263.890014648438 262.109985351562 259.839996337891 256.589996337891 254.279998779297 253.25 251.839996337891 251.580001831055 254.869995117188 255.309997558594 255.199996948242 255.949996948242 255.929992675781 254.960006713867 255.259994506836 255.190002441406 253.619995117188 257.640014648438 260.239990234375 261.420013427734 261.470001220703 260.970001220703 260.320007324219 260.859985351562 263.940002441406 265.019989013672 261.149993896484 256.880004882812 256.579986572266 257.730010986328 258.980010986328 257.040008544922 254.160003662109 248.649993896484 241.350006103516 240.100006103516 238.800003051758 237.020004272461 240.449996948242 247.699996948242 245.589996337891 235.460006713867 221.5
255.550003051758 259.369995117188 262.299987792969 263.799987792969 265.089996337891 265.700012207031 266.609985351562 267.230010986328 266.730010986328 265.220001220703 263.630004882812 262.480010986328 261.119995117188 259.149993896484 256 252.669998168945 248.449996948242 246.919998168945 250.779998779297 252.440002441406 253.039993286133 254.830001831055 256.540008544922 256.540008544922 255.759994506836 255.25 253.789993286133 256.690002441406 258.839996337891 259.850006103516 260.899993896484 260.179992675781 258.260009765625 260.079986572266 264.850006103516 263.690002441406 258.459991455078 252.369995117188 250.809997558594 253.5 254.440002441406 252.229995727539 252.899993896484 248.089996337891 240.360000610352 239.160003662109 238.910003662109 239.509994506836 244.679992675781 250.320007324219 243.880004882812 233.630004882812 227.199996948242
249.190002441406 258.630004882812 262.350006103516 263.410003662109 264.089996337891 264.609985351562 265.489990234375 265.899993896484 265.570007324219 264.190002441406 262.980010986328 261.220001220703 258.910003662109 258.640014648438 256.579986572266 254.029998779297 249.020004272461 243.710006713867 246.389999389648 248.990005493164 250.100006103516 252.520004272461 255.770004272461 257.190002441406 255.520004272461 254.080001831055 253.410003662109 254.270004272461 254.779998779297 256.649993896484 258.769989013672 257.75 257.339996337891 261.109985351562 264.579986572266 263.149993896484 259.119995117188 251.690002441406 247.029998779297 250.339996337891 248.619995117188 240.960006713867 245.809997558594 247.460006713867 239.039993286133 238.039993286133 238.600006103516 240.839996337891 245.970001220703 249.449996948242 241.679992675781 230.710006713867 230.710006713867
235.350006103516 254.169998168945 261.399993896484 262.920013427734 263.5 264.279998779297 264.630004882812 263.940002441406 263 262.279998779297 261.630004882812 260.079986572266 258.029998779297 257.609985351562 255.440002441406 252.389999389648 251.139999389648 245.710006713867 242.610000610352 244.059997558594 247.770004272461 251.419998168945 255.389999389648 258.140014648438 257.309997558594 255.080001831055 252.720001220703 251.369995117188 249.779998779297 250.559997558594 251.210006713867 252.809997558594 257.589996337891 261.850006103516 263.660003662109 262.410003662109 257.929992675781 250.360000610352 246.039993286133 248.369995117188 242.779998779297 236.860000610352 243.619995117188 247.100006103516 239.169998168945 236.580001831055 238.850006103516 243.330001831055 247.630004882812 248.399993896484 242.270004272461 234.809997558594 234.820007324219
223.830001831055 247.119995117188 255.649993896484 261.220001220703 262.380004882812 263.029998779297 263.070007324219 262.190002441406 260.679992675781 260.040008544922 259.25 257.450012207031 256.109985351562 256.339996337891 254.630004882812 250.009994506836 248.940002441406 247.860000610352 244.220001220703 246.669998168945 252.529998779297 256.350006103516 258.869995117188 260.570007324219 258.890014648438 255.25 249.770004272461 246.539993286133 247.350006103516 248.029998779297 249.009994506836 253.369995117188 259.320007324219 263.089996337891 263.540008544922 260.570007324219 254.279998779297 248.839996337891 245.729995727539 239.960006713867 230.779998779297 232.509994506836 241.25 240.490005493164 236.5 235.119995117188 238.339996337891 243.300003051758 246.759994506836 246.889999389648 243.350006103516 237.339996337891 233.119995117188
217.229995727539 234.399993896484 243.449996948242 255.360000610352 259.549987792969 260.290008544922 260.239990234375 259.459991455078 257.519989013672 256.070007324219 255.080001831055 253.669998168945 252.889999389648 253.419998168945 253.740005493164 253.220001220703 252.759994506836 252.850006103516 251.070007324219 253 257.140014648438 259.429992675781 260.359985351562 261.309997558594 259.369995117188 253.039993286133 248.360000610352 246.179992675781 247.720001220703 248.410003662109 250.600006103516 253.809997558594 257.820007324219 263.230010986328 263.109985351562 257.510009765625 250.880004882812 247.729995727539 240.410003662109 234 227.820007324219 228.690002441406 234.199996948242 235 235.740005493164 235.490005493164 239.860000610352 244.169998168945 246.580001831055 246 242.910003662109 237.779998779297 230.720001220703
174.889999389648 216.860000610352 225.240005493164 238.509994506836 254.25 257.089996337891 256.760009765625 255.779998779297 254.009994506836 252.020004272461 250.600006103516 249.559997558594 250.369995117188 250.880004882812 251.800003051758 254.130004882812 254.589996337891 252.610000610352 252.690002441406 257.5 259.779998779297 260.649993896484 260.820007324219 262.660003662109 263.049987792969 256.809997558594 250.139999389648 247.949996948242 245.179992675781 245.199996948242 250.850006103516 254.679992675781 258.25 261.279998779297 260.769989013672 256.959991455078 249.619995117188 243.839996337891 235.009994506836 226.020004272461 222.160003662109 222.979995727539 228.600006103516 234.300003051758 238.580001831055 239.809997558594 242.149993896484 242.699996948242 242.449996948242 242.289993286133 237.429992675781 234.529998779297 231.789993286133
109.430000305176 174.550003051758 204.610000610352 219.690002441406 240.639999389648 251.869995117188 251.839996337891 250.470001220703 249.25 248.089996337891 246.190002441406 244.360000610352 246.429992675781 249.610000610352 252.570007324219 256.779998779297 257.209991455078 255.330001831055 256.380004882812 261.929992675781 263.239990234375 263.720001220703 264.429992675781 265.399993896484 265.609985351562 260.779998779297 253.830001831055 252.100006103516 247.5 244.729995727539 249.139999389648 252.589996337891 254.080001831055 254.860000610352 254.110000610352 250.919998168945 244.110000610352 238.110000610352 231.089996337891 226.190002441406 224.580001831055 223.720001220703 228.809997558594 235.240005493164 238.770004272461 240.619995117188 241.339996337891 237.929992675781 235.160003662109 233.559997558594 228.729995727539 230.429992675781 231.729995727539
94.3899993896484 129.529998779297 160.300003051758 183.240005493164 208.809997558594 236.399993896484 243.720001220703 246.089996337891 245.449996948242 244.899993896484 244.789993286133 245.490005493164 246.649993896484 248.960006713867 253.050003051758 257.720001220703 259.059997558594 261.059997558594 261.929992675781 263.239990234375 264 264.279998779297 264.920013427734 265.100006103516 265.100006103516 263.910003662109 259.239990234375 251.830001831055 244.529998779297 241.300003051758 246.139999389648 248.559997558594 245.830001831055 247.270004272461 249.240005493164 246.690002441406 244.350006103516 239.570007324219 231.690002441406 228.259994506836 226.830001831055 224.570007324219 228.229995727539 234.770004272461 237.570007324219 238.050003051758 239.070007324219 234.369995117188 228.830001831055 226.220001220703 225.929992675781 233.440002441406 236.679992675781
92.4599990844727 98.4599990844727 109.970001220703 129.570007324219 146.130004882812 176.729995727539 203.75 229.5 239.309997558594 240.610000610352 243.679992675781 245.960006713867 247.389999389648 248.919998168945 252.210006713867 255.779998779297 257.839996337891 261.119995117188 262.839996337891 263 263.100006103516 263.230010986328 263.549987792969 264.019989013672 264.100006103516 264.019989013672 259.589996337891 250.020004272461 242.240005493164 239.059997558594 240.130004882812 238.830001831055 235.919998168945 237.740005493164 241.490005493164 244.429992675781 245.479995727539 242.089996337891 235.149993896484 230.899993896484 228.809997558594 225.899993896484 229.380004882812 235.649993896484 236.979995727539 235.320007324219 234.149993896484 231.759994506836 226.360000610352 223.429992675781 225.330001831055 229.399993896484 227.729995727539
92.6699981689453 100.110000610352 94.6900024414062 110.949996948242 141.839996337891 147.179992675781 162.720001220703 183.130004882812 206.770004272461 226.449996948242 244.960006713867 247.130004882812 248.300003051758 249.479995727539 251.529998779297 253.940002441406 255.039993286133 257.429992675781 260.670013427734 261.880004882812 262.049987792969 262.029998779297 262.230010986328 262.549987792969 263.019989013672 263.049987792969 259.940002441406 251.330001831055 244.080001831055 240.410003662109 237.089996337891 236.720001220703 237.070007324219 237.029998779297 238.710006713867 243.520004272461 246.330001831055 242.100006103516 237.199996948242 234.440002441406 231.220001220703 228 229.880004882812 233.580001831055 231.619995117188 230.580001831055 230.690002441406 226.529998779297 219.330001831055 218.460006713867 220.240005493164 221.199996948242 222.979995727539
88.9199981689453 99.8399963378906 93.9199981689453 94.3600006103516 133.029998779297 161.529998779297 169.360000610352 177.080001831055 190.080001831055 216.940002441406 243.330001831055 247.759994506836 249.600006103516 251.039993286133 249.929992675781 247.889999389648 248.160003662109 250.020004272461 255.759994506836 259.660003662109 260.649993896484 260.559997558594 261.019989013672 261.230010986328 261.549987792969 261.619995117188 258.929992675781 253.160003662109 247.899993896484 242.899993896484 237.039993286133 235.820007324219 239.789993286133 243.259994506836 244.050003051758 244.899993896484 244.759994506836 241.110000610352 239.320007324219 237.210006713867 233.710006713867 229.820007324219 227.259994506836 226.770004272461 226.649993896484 230.330001831055 230.809997558594 227.5 217.910003662109 207.880004882812 213.860000610352 223.889999389648 231.089996337891
90.3399963378906 97.6600036621094 93.900001525879 89.120002746582 112.930000305176 148.089996337891 168.850006103516 177.589996337891 195.899993896484 222.660003662109 243.970001220703 248.149993896484 249.720001220703 251.119995117188 249.179992675781 247.139999389648 249.630004882812 252.070007324219 256.480010986328 258.820007324219 259.190002441406 259.230010986328 259.549987792969 259.989990234375 260.130004882812 259.399993896484 255.779998779297 252.210006713867 250.509994506836 244.779998779297 238.020004272461 236.050003051758 239.460006713867 244.919998168945 247.449996948242 248.309997558594 247.309997558594 242.289993286133 237.559997558594 232.860000610352 229.880004882812 226.919998168945 223.350006103516 220.869995117188 222.770004272461 229.639999389648 231 227.830001831055 218.229995727539 208.75 214.220001220703 222.240005493164 232.529998779297
92.0400009155273 95.879997253418 89.7200012207031 77.75 88.5999984741211 126.059997558594 154.75 170.080001831055 202.139999389648 228.339996337891 239.399993896484 246.889999389648 248.169998168945 248.520004272461 248.389999389648 248.830001831055 250.520004272461 252.589996337891 255.050003051758 256.839996337891 257.670013427734 258.100006103516 258.230010986328 258.390014648438 258.350006103516 256.630004882812 251.059997558594 247.559997558594 247.589996337891 243.009994506836 239.929992675781 241.240005493164 242.360000610352 244.240005493164 247.139999389648 247.860000610352 244.449996948242 239.75 235.850006103516 230.369995117188 226 223.649993896484 219.770004272461 216.210006713867 217.429992675781 225.339996337891 227.910003662109 224.100006103516 216.479995727539 210.820007324219 216.539993286133 225.389999389648 231.520004272461
87.9100036621094 92.75 89.0699996948242 75.6500015258789 80.5400009155273 111.410003662109 141.169998168945 170.509994506836 202.460006713867 222.509994506836 233.729995727539 244.600006103516 246.009994506836 246.199996948242 246.630004882812 247.860000610352 249.009994506836 250.5 253.110000610352 255.979995727539 257.540008544922 258 257.670013427734 256.989990234375 256.540008544922 252.880004882812 247.380004882812 244.490005493164 241.910003662109 241.410003662109 241.490005493164 243.279998779297 244.199996948242 243.259994506836 245.130004882812 245.559997558594 243.350006103516 240.339996337891 236.789993286133 232.119995117188 227.110000610352 220.429992675781 213.559997558594 210.589996337891 213.190002441406 220.119995117188 221.580001831055 217.039993286133 211.050003051758 209.309997558594 216.820007324219 223.589996337891 222.160003662109
85.379997253418 95.2799987792969 95.349998474121 91.6600036621094 105.309997558594 124.680000305176 137.710006713867 171.009994506836 205.360000610352 221.440002441406 231.949996948242 239.589996337891 241.839996337891 243.289993286133 244.809997558594 248.309997558594 250.539993286133 251.479995727539 253.639999389648 256.390014648438 258.170013427734 257.609985351562 256.450012207031 255.110000610352 253.5 249.690002441406 243.75 239.559997558594 238.25 238.949996948242 239.429992675781 242.210006713867 244.770004272461 244.570007324219 243.740005493164 241.210006713867 239.520004272461 239.399993896484 237.559997558594 233.899993896484 227.100006103516 217.789993286133 210.149993896484 208.179992675781 210.770004272461 212.279998779297 211.220001220703 209.679992675781 202.210006713867 201.940002441406 213.660003662109 214.559997558594 205.779998779297
76.1100006103516 92.5199966430664 97.650001525879 97.5100021362305 111.089996337891 134.679992675781 147.360000610352 175.380004882812 204.259994506836 220.910003662109 230.690002441406 236.240005493164 238.630004882812 240.639999389648 243.279998779297 247.779998779297 250.550003051758 251.899993896484 253.800003051758 255.820007324219 257.160003662109 255.949996948242 252.919998168945 250.570007324219 249.410003662109 244.970001220703 238.779998779297 235.720001220703 236.089996337891 237.589996337891 238.660003662109 240.669998168945 243.130004882812 243.509994506836 241.190002441406 238.779998779297 236.529998779297 235.330001831055 233.830001831055 231.169998168945 224.039993286133 212.830001831055 207.059997558594 207.470001220703 208.149993896484 207.119995117188 204.369995117188 201.649993896484 197.559997558594 200.570007324219 207.369995117188 205.699996948242 204.630004882812
64.7200012207031 74.9199981689453 85.8600006103516 89.379997253418 101 126.919998168945 146.570007324219 172.690002441406 206.039993286133 222.630004882812 231.759994506836 235.169998168945 236.710006713867 238.100006103516 242.479995727539 247.509994506836 250.360000610352 251.779998779297 253.309997558594 254.490005493164 255.190002441406 253.929992675781 249.880004882812 246.110000610352 242.839996337891 237.380004882812 234.970001220703 234.850006103516 235.110000610352 236.410003662109 236.279998779297 236.669998168945 238.309997558594 237.660003662109 235.720001220703 234.690002441406 234.070007324219 232.289993286133 230.190002441406 226.860000610352 222.410003662109 215.960006713867 207.059997558594 202.139999389648 204.210006713867 204.869995117188 202.600006103516 199.300003051758 195.839996337891 200.970001220703 214.649993896484 222.919998168945 226.25
47.8899993896484 50.2299995422363 63.6599998474121 73.7300033569336 93.1600036621094 114.940002441406 135.580001831055 171.369995117188 201.729995727539 219.229995727539 231.979995727539 233.759994506836 235.199996948242 237.539993286133 241.910003662109 246.610000610352 249.759994506836 250.889999389648 251.520004272461 252.490005493164 252.710006713867 251.020004272461 247.210006713867 242.429992675781 235.559997558594 230.429992675781 232.949996948242 234.729995727539 235.460006713867 234.210006713867 231.919998168945 231.699996948242 230.440002441406 229.289993286133 228.820007324219 228.160003662109 228.399993896484 228 226.830001831055 222.5 217.100006103516 214.100006103516 207.320007324219 197.119995117188 196.419998168945 198.860000610352 194.960006713867 192.039993286133 194.440002441406 202.630004882812 213.949996948242 223.289993286133 228.199996948242
55.939998626709 36.4599990844727 46.2099990844727 57.8300018310547 81.4499969482422 92.2200012207031 120.139999389648 184.240005493164 212.820007324219 225.270004272461 233.360000610352 233.779998779297 234.679992675781 236.800003051758 240.229995727539 244.690002441406 247.789993286133 248.669998168945 248.610000610352 249.240005493164 249 247.179992675781 244.029998779297 239.429992675781 230.460006713867 224.429992675781 227.899993896484 230.169998168945 231.679992675781 231.009994506836 226.669998168945 223.25 220.869995117188 220.710006713867 221.600006103516 221.570007324219 220.25 219.570007324219 220.580001831055 217 209.029998779297 207.910003662109 207.240005493164 192.949996948242 185.100006103516 187.429992675781 180.330001831055 184.160003662109 203.440002441406 210.169998168945 204.690002441406 203.309997558594 219.029998779297
