pkg/rmaxent/inst/layers/tmp6190_ann.asc
NCOLS 122 
NROWS 160 
XLLCORNER -94.8 
YLLCORNER -56.45 
CELLSIZE 0.5 
NODATA_value -3.4e+38 
[rows 46 to 68 of 160, columns 53 to 105 of 122]
256.070007324219 256.230010986328 256.769989013672 256.570007324219 253.699996948242 251.970001220703 255.720001220703 259.910003662109 262.75 263.910003662109 264.559997558594 265.640014648438 266.450012207031 267.459991455078 267.429992675781 266.649993896484 266.179992675781 265.670013427734 265.649993896484 266.380004882812 266.260009765625 265.179992675781 264.829986572266 264.820007324219 262.059997558594 257.850006103516 257.279998779297 256.75 256.529998779297 258.190002441406 260.839996337891 262.540008544922 264.149993896484 266.100006103516 267.209991455078 268.149993896484 267.239593505859 266.222229003906 -3.4e+38 -3.4e+38 -3.4e+38 -3.4e+38 -3.4e+38 -3.4e+38 -3.4e+38 -3.4e+38 -3.4e+38 -3.4e+38 -3.4e+38 -3.4e+38 -3.4e+38 -3.4e+38 -3.4e+38
255.339996337891 256.890014648438 257.230010986328 258.179992675781 258.989990234375 260.630004882812 262.670013427734 263.739990234375 264.970001220703 266.019989013672 266.859985351562 267.859985351562 268.559997558594 268.429992675781 266.649993896484 264.260009765625 264.079986572266 264.859985351562 266.649993896484 268.309997558594 267.589996337891 266.970001220703 266.779998779297 266.100006103516 264.049987792969 261.850006103516 260.940002441406 260.059997558594 260.190002441406 261.309997558594 262.440002441406 263.420013427734 264.690002441406 267.609985351562 268.839996337891 269 268.339996337891 267.84375 268 267.633331298828 267 -3.4e+38 -3.4e+38 -3.4e+38 -3.4e+38 -3.4e+38 -3.4e+38 -3.4e+38 -3.4e+38 -3.4e+38 -3.4e+38 -3.4e+38 -3.4e+38
255.240005493164 257 257.459991455078 258.399993896484 259.75 261.75 263.399993896484 264.429992675781 265.760009765625 266.970001220703 267.459991455078 268.399993896484 269.260009765625 269.429992675781 267 264.209991455078 264.760009765625 266.429992675781 268.070007324219 269.209991455078 269.339996337891 268.899993896484 268.510009765625 267.910003662109 266.489990234375 264.399993896484 263.299987792969 262.589996337891 262.630004882812 262.950012207031 263.179992675781 264.010009765625 266.149993896484 268.440002441406 269 268.980010986328 268.459991455078 268.260009765625 268.899993896484 267.989990234375 266.5625 265.488891601562 265.95556640625 267.648162841797 -3.4e+38 -3.4e+38 -3.4e+38 -3.4e+38 -3.4e+38 -3.4e+38 -3.4e+38 -3.4e+38 -3.4e+38
255.75 257.320007324219 257.980010986328 258.489990234375 260.160003662109 262.339996337891 263.489990234375 264.760009765625 266.309997558594 267.260009765625 267.980010986328 268.459991455078 269.399993896484 269.660003662109 268.100006103516 266.670013427734 266.630004882812 267.380004882812 268.399993896484 269.399993896484 270.209991455078 270.690002441406 270.589996337891 270.190002441406 268.540008544922 266.369995117188 264.459991455078 263.140014648438 264.140014648438 264.519989013672 265.019989013672 266.380004882812 268.829986572266 269.269989013672 269 268.369995117188 267.730010986328 268.399993896484 268.709991455078 267.309997558594 265.809997558594 264.5 263.959991455078 264.791656494141 265.844451904297 267.733337402344 269 -3.4e+38 -3.4e+38 -3.4e+38 -3.4e+38 -3.4e+38 -3.4e+38
256.279998779297 257.970001220703 258.350006103516 259.320007324219 260.779998779297 262.779998779297 264.329986572266 265.420013427734 266.489990234375 267.459991455078 268.260009765625 268.980010986328 269.399993896484 270 269.709991455078 268.899993896484 268.100006103516 268.059997558594 268.459991455078 269.429992675781 270.489990234375 271.359985351562 271.570007324219 271.149993896484 269.929992675781 267.75 266.529998779297 266.019989013672 266.649993896484 267.779998779297 268.279998779297 269.630004882812 269.429992675781 268.799987792969 268.089996337891 267.910003662109 267.950012207031 268.339996337891 268.220001220703 266.690002441406 265.630004882812 264.589996337891 263.989990234375 264.5 265.940002441406 267.470001220703 268.052093505859 268 -3.4e+38 -3.4e+38 -3.4e+38 -3.4e+38 -3.4e+38
257.730010986328 258.290008544922 259.320007324219 260.279998779297 261.679992675781 263.700012207031 265.329986572266 266.320007324219 267.290008544922 267.980010986328 268.339996337891 269 269.399993896484 270.260009765625 270.899993896484 270.450012207031 269.899993896484 269.489990234375 269.059997558594 269.700012207031 271.200012207031 272.239990234375 273.119995117188 272.839996337891 270.029998779297 266.519989013672 266.130004882812 267.119995117188 267.239990234375 267.630004882812 267.339996337891 267.829986572266 268.529998779297 268.540008544922 267.429992675781 266.450012207031 267.160003662109 268 267.429992675781 266.519989013672 266.149993896484 265 264.899993896484 265.149993896484 266.540008544922 267.630004882812 267.619995117188 269.114593505859 271 272.972229003906 273 -3.4e+38 -3.4e+38
258 258.779998779297 260.299987792969 261.029998779297 262.25 264.700012207031 266.320007324219 267.369995117188 267.980010986328 268 268 268.559997558594 269.339996337891 270.329986572266 271 271.209991455078 271.690002441406 271.239990234375 270.299987792969 269.989990234375 270.859985351562 272.279998779297 273.470001220703 273.410003662109 269.940002441406 265.989990234375 264.200012207031 264.489990234375 265.640014648438 266.160003662109 265.660003662109 265.649993896484 266.950012207031 267.799987792969 267.359985351562 267.130004882812 267.839996337891 268 267.529998779297 267.179992675781 266.910003662109 265.299987792969 265.140014648438 265.059997558594 265.790008544922 268.059997558594 268.179992675781 269.359985351562 271 271.478729248047 272.0625 272.333343505859 273.611114501953
258.899993896484 259.709991455078 261.309997558594 262.269989013672 263.589996337891 265.679992675781 267.600006103516 268.329986572266 268 268 268 268.339996337891 269 269.600006103516 270.559997558594 271.290008544922 271.920013427734 271.540008544922 270.359985351562 269.570007324219 270.350006103516 271.140014648438 271.480010986328 271.100006103516 269.380004882812 267.040008544922 264.959991455078 264 264.220001220703 264.390014648438 264.019989013672 264.070007324219 265.200012207031 265.5 265.760009765625 266.609985351562 267.589996337891 268 267.700012207031 267 265.959991455078 264.279998779297 264.130004882812 263.709991455078 265.170013427734 268.959991455078 270.489990234375 270.730010986328 270.890014648438 271.170013427734 271.920013427734 272 272.019989013672
260.089996337891 260.820007324219 262.309997558594 263.329986572266 264.769989013672 266.369995117188 267.799987792969 268.540008544922 267.679992675781 267.100006103516 267.100006103516 267.540008544922 268.5 269.339996337891 270.329986572266 270.730010986328 270.679992675781 271 270.380004882812 269.529998779297 269.230010986328 269.559997558594 270.019989013672 270.019989013672 269.470001220703 267.970001220703 265.630004882812 264 264 264 264 263.649993896484 263.529998779297 263.899993896484 264.630004882812 266.070007324219 267.519989013672 268.890014648438 268.440002441406 267.209991455078 265.059997558594 263.730010986328 262.880004882812 262.5 265.910003662109 269.130004882812 271.230010986328 271.230010986328 269.700012207031 269.320007324219 271.089996337891 272.890014648438 272.010009765625
261.959991455078 262.630004882812 263.230010986328 264.609985351562 266.100006103516 266.970001220703 267.410003662109 267.730010986328 267.029998779297 266.679992675781 266.100006103516 266.609985351562 267.600006103516 268.549987792969 269.540008544922 270.019989013672 270.329986572266 270.290008544922 269.279998779297 269.019989013672 269 268.730010986328 268.619995117188 269.100006103516 268.959991455078 267.670013427734 264.869995117188 263.109985351562 263.450012207031 263.540008544922 262.899993896484 262.279998779297 261.649993896484 261.809997558594 261.299987792969 262.589996337891 265.799987792969 268.380004882812 268.429992675781 267.070007324219 265.190002441406 264.450012207031 264.399993896484 264 265.179992675781 268.230010986328 270.829986572266 271.429992675781 270.950012207031 272.049987792969 273.160003662109 272.839996337891 271.649993896484
262.459991455078 263 263.5 264.970001220703 266.339996337891 267 267 267.019989013672 266.739990234375 266.019989013672 266 266.399993896484 267.339996337891 268 268.549987792969 269.100006103516 269.540008544922 269.369995117188 268.109985351562 268.100006103516 268.049987792969 267.950012207031 268 268.440002441406 267.920013427734 265.609985351562 263.660003662109 262.980010986328 262.579986572266 261.339996337891 260.600006103516 260.529998779297 259.839996337891 258.890014648438 256.859985351562 258.239990234375 263.440002441406 266.739990234375 267.079986572266 265.529998779297 263.119995117188 262.170013427734 262.970001220703 262.820007324219 263.040008544922 266.730010986328 269.739990234375 270.209991455078 270.299987792969 273.010009765625 274.290008544922 273.510009765625 271.579986572266
262.980010986328 263.320007324219 264.489990234375 265.760009765625 266 266.5 267 267 266.540008544922 266 266 266.339996337891 267 267.5 268 268.5 269 269.010009765625 268.100006103516 267.059997558594 266.679992675781 266.619995117188 267.049987792969 267.130004882812 266.640014648438 264.519989013672 262.609985351562 262.309997558594 260.209991455078 257.779998779297 257.309997558594 257.049987792969 254.919998168945 254.369995117188 253.940002441406 257.010009765625 262.670013427734 266.109985351562 267.850006103516 267.730010986328 265.589996337891 262.299987792969 260.320007324219 260.019989013672 261.75 264.929992675781 267.220001220703 268.059997558594 269.109985351562 272.190002441406 273.820007324219 274.440002441406 272.910003662109
262.940002441406 263.970001220703 264.089996337891 264.600006103516 265.5 266 266.440002441406 266.579986572266 266.019989013672 265.950012207031 265.899993896484 265.959991455078 266.5 267 267.5 268 268.049987792969 268 267.209991455078 265.670013427734 265.549987792969 265.890014648438 265.630004882812 265.209991455078 265.079986572266 263.760009765625 261.890014648438 261.489990234375 258.670013427734 254.970001220703 255.320007324219 255.089996337891 252.020004272461 251.520004272461 253.339996337891 257.619995117188 261.910003662109 264.640014648438 265.760009765625 266.429992675781 265.899993896484 263.179992675781 261.230010986328 259.040008544922 260.730010986328 262.690002441406 265.420013427734 267.190002441406 270.329986572266 272.980010986328 273.109985351562 274.230010986328 273.279998779297
263.839996337891 263.799987792969 263.100006103516 263.660003662109 264.609985351562 265.100006103516 265.230010986328 265.269989013672 265.100006103516 264.820007324219 264.399993896484 264.989990234375 266 266.100006103516 266.549987792969 267.100006103516 266.760009765625 266.350006103516 265.450012207031 263.929992675781 263.989990234375 264.309997558594 263.190002441406 262.720001220703 262.630004882812 262.359985351562 260.480010986328 259.399993896484 257.200012207031 253.470001220703 253.100006103516 253.639999389648 251.149993896484 248.910003662109 251.5 255.720001220703 258 260.519989013672 262.160003662109 264.010009765625 264.489990234375 263.220001220703 261.5 256.940002441406 257.220001220703 259.119995117188 263 266.440002441406 268.220001220703 270.869995117188 273.730010986328 274.049987792969 271.369995117188
263.529998779297 264 263.899993896484 263.980010986328 264.459991455078 265 265 265 265 264.540008544922 264 264.410003662109 265.040008544922 265 265.429992675781 265.899993896484 265.600006103516 264.640014648438 264.130004882812 263.410003662109 262.75 261.899993896484 259.670013427734 258.920013427734 259.450012207031 260.739990234375 259.540008544922 257.549987792969 256.089996337891 253.360000610352 251.320007324219 251.729995727539 251.479995727539 250.880004882812 252.110000610352 254.029998779297 255.669998168945 258.100006103516 261.220001220703 262.630004882812 262.799987792969 263.260009765625 260.100006103516 255.389999389648 256.839996337891 259.980010986328 263.269989013672 265.820007324219 268.929992675781 272.450012207031 275.059997558594 275.839996337891 271.910003662109
262.959991455078 264.019989013672 264.190002441406 264.420013427734 264.980010986328 265.320007324219 265.440002441406 265 264.739990234375 264.019989013672 264 264 263.75 263.399993896484 263.420013427734 263.869995117188 263.559997558594 262.260009765625 263.130004882812 264.130004882812 262.570007324219 258.519989013672 254.070007324219 254.259994506836 255.5 256.260009765625 256.200012207031 254.830001831055 253.850006103516 253.210006713867 251.580001831055 251.149993896484 251.479995727539 251.979995727539 252.399993896484 253.410003662109 254.919998168945 258.329986572266 261.209991455078 260.5 262.549987792969 265.109985351562 262.760009765625 260.299987792969 262.239990234375 265.670013427734 268.070007324219 268.829986572266 270.670013427734 274.140014648438 275.959991455078 276.799987792969 274.950012207031
262.809997558594 264.570007324219 265.640014648438 265.690002441406 265.899993896484 265.980010986328 265.600006103516 265 264.570007324219 263.679992675781 263.5 263.670013427734 262.700012207031 262.010009765625 262.390014648438 263.130004882812 262.390014648438 260.160003662109 261.140014648438 262.5 261.279998779297 258.149993896484 251.610000610352 249.410003662109 251.899993896484 253.339996337891 254.419998168945 254.059997558594 252.919998168945 253.009994506836 253.199996948242 252.869995117188 251.979995727539 252.050003051758 252.330001831055 252.899993896484 254.639999389648 259.269989013672 261.980010986328 261.230010986328 263.429992675781 265.359985351562 263.769989013672 262.329986572266 263.160003662109 265.589996337891 267.75 266.660003662109 267 271.429992675781 273.600006103516 275.230010986328 274.359985351562
262.309997558594 264.470001220703 264.779998779297 264.970001220703 266.200012207031 266.380004882812 265.540008544922 265 264.299987792969 263.029998779297 262.950012207031 262.649993896484 261.359985351562 260.399993896484 260.420013427734 260.619995117188 260.730010986328 260.779998779297 260.940002441406 261.149993896484 261 258.630004882812 252.389999389648 247.610000610352 247.110000610352 249.020004272461 251.470001220703 251.970001220703 251.789993286133 253.839996337891 254.160003662109 254.080001831055 252.919998168945 252.940002441406 252.330001831055 251.75 255 260.040008544922 262.320007324219 261.899993896484 264.119995117188 263.119995117188 260.859985351562 258.410003662109 260.100006103516 262.320007324219 263.010009765625 265.510009765625 266.980010986328 269.25 270.630004882812 272.799987792969 272.489990234375
262.200012207031 264.369995117188 264.359985351562 264.079986572266 265.649993896484 265.769989013672 264.75 264.109985351562 264 263.019989013672 261.640014648438 261.079986572266 260.220001220703 259.089996337891 259.709991455078 260.299987792969 259.739990234375 260.269989013672 260.790008544922 260.799987792969 260.670013427734 259.589996337891 256.209991455078 251.350006103516 248.130004882812 247.339996337891 248.020004272461 249.300003051758 250.979995727539 253.009994506836 253.779998779297 254.529998779297 253.309997558594 250.990005493164 251.75 253.729995727539 259 262.769989013672 262.390014648438 261.690002441406 264.75 262.109985351562 258.070007324219 255.660003662109 259.040008544922 260.410003662109 260.540008544922 265.25 266.880004882812 264.880004882812 263.959991455078 268.209991455078 269.75
262.390014648438 263.970001220703 264.630004882812 264.720001220703 265.970001220703 265.410003662109 264.079986572266 264.200012207031 263.760009765625 261.559997558594 259.709991455078 258.510009765625 258.779998779297 258.309997558594 258.350006103516 258.959991455078 257.140014648438 257.320007324219 258.589996337891 258.839996337891 257.529998779297 257.079986572266 257.660003662109 255.089996337891 252.229995727539 249.330001831055 247.160003662109 248.350006103516 251.080001831055 252.830001831055 252.050003051758 253.270004272461 255.039993286133 251.889999389648 251.789993286133 257.700012207031 263.170013427734 264.75 263.839996337891 264.040008544922 265.880004882812 263.109985351562 257.489990234375 254.960006713867 258.920013427734 258.440002441406 258.299987792969 262.239990234375 263.899993896484 259.959991455078 259.399993896484 263.910003662109 265.109985351562
262.429992675781 264.119995117188 265.510009765625 265.75 266.890014648438 266.279998779297 264.859985351562 263.809997558594 262.739990234375 260.869995117188 259.940002441406 258.859985351562 258.790008544922 257.410003662109 256.459991455078 257.279998779297 256.029998779297 255.759994506836 255.619995117188 256.570007324219 256.410003662109 254.419998168945 254.800003051758 255.169998168945 255.229995727539 253.039993286133 249.279998779297 248.839996337891 250.729995727539 252.770004272461 254.630004882812 256.769989013672 257.239990234375 254.320007324219 254.869995117188 260.970001220703 265.279998779297 265.489990234375 264.019989013672 265.019989013672 265.660003662109 263.160003662109 258.320007324219 254.809997558594 256.859985351562 256.049987792969 257.140014648438 258.809997558594 257.670013427734 258.010009765625 259.739990234375 262.149993896484 263.170013427734
262.519989013672 264.380004882812 265.859985351562 266.890014648438 266.859985351562 265.899993896484 264.040008544922 261.679992675781 259.670013427734 258.769989013672 259.089996337891 257.769989013672 257.100006103516 256.010009765625 255.169998168945 255.369995117188 255.100006103516 255.020004272461 254.800003051758 255.389999389648 255.940002441406 253.259994506836 251.630004882812 251.720001220703 253.919998168945 255.860000610352 253.5 250.520004272461 249.429992675781 253.130004882812 256.739990234375 257.410003662109 257.049987792969 254.990005493164 257.269989013672 262.690002441406 264.279998779297 264.269989013672 264.230010986328 264.5 263.480010986328 262.5 259.119995117188 252.740005493164 247.940002441406 247.550003051758 252.119995117188 255.559997558594 254.160003662109 254.479995727539 257.149993896484 259.579986572266 258.119995117188
260.950012207031 264.140014648438 266.540008544922 268.109985351562 267.929992675781 266.570007324219 264.049987792969 258.119995117188 253.220001220703 254.110000610352 256.25 256.929992675781 257 256.459991455078 255.440002441406 255.259994506836 255.339996337891 254.699996948242 254.809997558594 255.389999389648 256.059997558594 254.809997558594 251.080001831055 249.789993286133 253.470001220703 254.729995727539 251.990005493164 250.550003051758 251.970001220703 256.220001220703 258.079986572266 257.109985351562 257.609985351562 258.679992675781 261 264.190002441406 264.890014648438 264.25 264 264.529998779297 262.660003662109 260.119995117188 256.600006103516 250.449996948242 245.410003662109 245.020004272461 248.529998779297 250.559997558594 250.539993286133 252.669998168945 254.779998779297 255.320007324219 251.399993896484
