pkg/rmaxent/inst/layers/tmx6190_ann.asc
NCOLS 122 
NROWS 160 
XLLCORNER -94.8 
YLLCORNER -56.45 
CELLSIZE 0.5 
NODATA_value -3.4e+38 
[rows 69 to 91 of 160, columns 53 to 105 of 122]
330.890014648438 334.239990234375 336.420013427734 339.220001220703 341.130004882812 341.690002441406 340.299987792969 336.089996337891 331.559997558594 330.480010986328 331.769989013672 332.600006103516 333.940002441406 334.119995117188 333.100006103516 334.010009765625 334.970001220703 334.230010986328 336.720001220703 340.549987792969 341.890014648438 344.119995117188 343.630004882812 341.690002441406 344.070007324219 343.720001220703 339.769989013672 339.059997558594 341.549987792969 344.200012207031 344.869995117188 344.359985351562 344.179992675781 346.070007324219 347.679992675781 349.279998779297 350.119995117188 350.130004882812 350.369995117188 351.279998779297 348.660003662109 344.600006103516 342.230010986328 337.589996337891 334.549987792969 336.230010986328 340.140014648438 342.839996337891 337.649993896484 330.739990234375 324.540008544922 316.190002441406 308.859985351562
330.950012207031 333.910003662109 336.540008544922 339.160003662109 341.940002441406 343.640014648438 342.579986572266 340.220001220703 339.109985351562 338.299987792969 335.690002441406 332.529998779297 332.450012207031 334.109985351562 334.149993896484 334.160003662109 334.239990234375 334.070007324219 337.040008544922 341.959991455078 343.940002441406 346.179992675781 347.290008544922 345.619995117188 346.209991455078 344.820007324219 340.970001220703 341.109985351562 344.019989013672 345.540008544922 345.769989013672 346.279998779297 344.790008544922 345 348.089996337891 349.970001220703 349.980010986328 349.209991455078 348.940002441406 350.529998779297 349.089996337891 345.540008544922 342.809997558594 337.190002441406 332.109985351562 333.769989013672 338.119995117188 340.190002441406 334.140014648438 326.790008544922 319.049987792969 307 299.799987792969
328.649993896484 331.140014648438 335.190002441406 338.75 340.989990234375 343.079986572266 344.140014648438 344.309997558594 344.040008544922 343.299987792969 341.329986572266 337.829986572266 335.339996337891 333.660003662109 333.519989013672 335.359985351562 335.059997558594 334.829986572266 339.040008544922 342.209991455078 344.029998779297 346.859985351562 349.480010986328 349.640014648438 348.489990234375 345.25 340.700012207031 342.410003662109 345.450012207031 346.760009765625 346.450012207031 346.420013427734 345.890014648438 345.299987792969 347.700012207031 350 349.100006103516 346.600006103516 346.059997558594 348.760009765625 348.489990234375 344.850006103516 342.070007324219 336.25 329.279998779297 330.980010986328 332.369995117188 329.420013427734 325.309997558594 324.769989013672 318.890014648438 304.220001220703 291.380004882812
325.570007324219 329.220001220703 333.739990234375 337.320007324219 340.140014648438 342.700012207031 344.540008544922 346.339996337891 346.660003662109 345 343.440002441406 341.640014648438 338.850006103516 335.619995117188 334.100006103516 334.519989013672 334.040008544922 334.5 338.420013427734 340.320007324219 341.769989013672 344.299987792969 346.910003662109 347.720001220703 347.209991455078 344.519989013672 340.619995117188 342.989990234375 345.309997558594 346.660003662109 347.279998779297 346.529998779297 345.470001220703 345.600006103516 348.109985351562 349.470001220703 346.070007324219 342.630004882812 343.369995117188 344.970001220703 347.290008544922 344.709991455078 339.600006103516 332.959991455078 326.549987792969 327.299987792969 326.690002441406 323.850006103516 324.700012207031 327.410003662109 319.739990234375 305.440002441406 290.019989013672
322.190002441406 327.890014648438 332.25 335.410003662109 338.450012207031 341.029998779297 343.109985351562 345.410003662109 346.519989013672 345.209991455078 344 342.619995117188 340.320007324219 338.670013427734 336.470001220703 334.160003662109 330.880004882812 329.549987792969 333.320007324219 335.529998779297 336.769989013672 339.100006103516 341.609985351562 343.179992675781 342.359985351562 341.299987792969 339.869995117188 341.779998779297 343.440002441406 344.890014648438 346.429992675781 345.730010986328 343.239990234375 344.600006103516 348.450012207031 347.040008544922 342.739990234375 338.170013427734 337.140014648438 340.010009765625 340.320007324219 336.730010986328 335.450012207031 329.369995117188 322.459991455078 322.850006103516 323.920013427734 324.700012207031 327.540008544922 329.299987792969 317.769989013672 302.660003662109 293.869995117188
313.809997558594 324.450012207031 329.839996337891 333.600006103516 336.760009765625 339.260009765625 342.019989013672 344.179992675781 345.279998779297 344.589996337891 343.109985351562 341.970001220703 340.029998779297 339.910003662109 338.380004882812 336.269989013672 331.850006103516 326.25 328.160003662109 330.339996337891 331.429992675781 334.660003662109 339.230010986328 342.049987792969 341.059997558594 339.019989013672 338.200012207031 338.690002441406 339.600006103516 341.290008544922 343.190002441406 342.720001220703 341.880004882812 344.929992675781 347.950012207031 347.019989013672 343.220001220703 336.399993896484 331.779998779297 334.260009765625 331.209991455078 322.070007324219 324.940002441406 325 317.359985351562 318.350006103516 320.380004882812 322.820007324219 326.089996337891 326.100006103516 313.600006103516 297.799987792969 295.920013427734
298.5 317.920013427734 326.760009765625 330.760009765625 333.75 336.570007324219 339.149993896484 340.489990234375 340.989990234375 341.649993896484 341.859985351562 341.440002441406 340.299987792969 340.200012207031 338.279998779297 335.040008544922 333.079986572266 327.369995117188 324.119995117188 324.350006103516 327.549987792969 332.519989013672 338.399993896484 343.010009765625 342.220001220703 338.730010986328 336.010009765625 334.519989013672 333.619995117188 334.890014648438 335.339996337891 337.029998779297 341.079986572266 345.320007324219 346.980010986328 346.709991455078 342.640014648438 334.510009765625 328.980010986328 329.929992675781 322.670013427734 315.279998779297 320.109985351562 321.820007324219 314.320007324219 314.309997558594 317.570007324219 322.239990234375 325.089996337891 322.670013427734 312 301.119995117188 299.540008544922
286 311.170013427734 321.799987792969 328.859985351562 331.799987792969 333.989990234375 335.75 336.399993896484 336.5 337.359985351562 339.029998779297 339.609985351562 339.130004882812 339.489990234375 338.029998779297 333.700012207031 331.809997558594 329.359985351562 325.140014648438 326.269989013672 330.320007324219 333.829986572266 338.359985351562 341.980010986328 340.329986572266 336.459991455078 331.25 328.179992675781 328.619995117188 330.190002441406 332.070007324219 336.089996337891 341.480010986328 345.380004882812 346.470001220703 344.670013427734 338.420013427734 332.549987792969 327.989990234375 319.869995117188 308.799987792969 309.040008544922 316.089996337891 314.540008544922 310.929992675781 310.790008544922 314.619995117188 319.329986572266 321.670013427734 319.369995117188 312.200012207031 303.480010986328 298.260009765625
280.910003662109 299.019989013672 309.869995117188 323.010009765625 328.970001220703 331.079986572266 332.339996337891 332.5 332.440002441406 333.220001220703 334.809997558594 335.880004882812 337.160003662109 338.230010986328 338.200012207031 336.950012207031 335.290008544922 334.160003662109 332.600006103516 334.350006103516 336.070007324219 334.929992675781 335.070007324219 337.399993896484 336.670013427734 331.230010986328 327.149993896484 325.209991455078 326.579986572266 328.440002441406 331.760009765625 334.940002441406 338.820007324219 344.950012207031 346.269989013672 341.809997558594 335.149993896484 330.859985351562 322.190002441406 312.890014648438 304.519989013672 303.910003662109 308.269989013672 309 309.850006103516 309.670013427734 314.480010986328 318.540008544922 319.109985351562 316.239990234375 310.230010986328 303.959991455078 297.519989013672
248.130004882812 285.880004882812 296.190002441406 310.109985351562 324.640014648438 327.859985351562 328.779998779297 329.100006103516 328.739990234375 328.809997558594 329.890014648438 332.079986572266 335.899993896484 337.989990234375 338.109985351562 338.329986572266 338 335.890014648438 335.519989013672 340.320007324219 341.470001220703 338.459991455078 333.529998779297 334.519989013672 336.929992675781 332.040008544922 326.519989013672 324.75 322.959991455078 323.899993896484 329.670013427734 333.980010986328 337.910003662109 341.970001220703 342.799987792969 341.029998779297 334.529998779297 326.950012207031 315.899993896484 304.010009765625 297.619995117188 296.929992675781 302.140014648438 308.299987792969 312.609985351562 313.549987792969 315.75 316.320007324219 314.600006103516 312.079986572266 305.859985351562 303.579986572266 301.320007324219
196.119995117188 254.389999389648 283.679992675781 299.290008544922 316.5 325.190002441406 325.570007324219 324.489990234375 323.769989013672 324.059997558594 324.769989013672 326.799987792969 332.399993896484 336.989990234375 339.209991455078 341.890014648438 341.519989013672 339.989990234375 340.700012207031 345.799987792969 346.519989013672 343.109985351562 337.100006103516 335.369995117188 337.160003662109 334.260009765625 329.309997558594 328.25 324.260009765625 322.339996337891 327.220001220703 331.070007324219 333.369995117188 335.190002441406 335.470001220703 333.75 328.140014648438 320.910003662109 311.390014648438 303.709991455078 299.690002441406 298.149993896484 302.700012207031 309.309997558594 313.130004882812 314.940002441406 314.839996337891 310.709991455078 306.75 304.170013427734 299.920013427734 303.029998779297 305.309997558594
188.429992675781 221.679992675781 252.960006713867 276.109985351562 295.959991455078 315.640014648438 320.480010986328 321.350006103516 320.760009765625 320.410003662109 321.989990234375 325.970001220703 331.140014648438 335.799987792969 340.119995117188 343.529998779297 344.119995117188 345.309997558594 346.399993896484 347.839996337891 346.890014648438 343.420013427734 338.420013427734 335.089996337891 336.390014648438 337.109985351562 333.720001220703 328.589996337891 322.230010986328 319.209991455078 324.089996337891 326.579986572266 324.320007324219 326.369995117188 328.929992675781 327.369995117188 326.059997558594 321.130004882812 311.720001220703 305.929992675781 302.309997558594 299.089996337891 302.230010986328 309.100006103516 312.470001220703 312.179992675781 312.209991455078 307.5 302 300.149993896484 301.190002441406 310.570007324219 314.730010986328
195.190002441406 202.830001831055 214.800003051758 233.660003662109 247.949996948242 273.420013427734 290.940002441406 307.470001220703 314.769989013672 316.619995117188 321.619995117188 326.820007324219 331.690002441406 335.450012207031 339.369995117188 342.049987792969 342.929992675781 346 348.059997558594 348 345.820007324219 342.420013427734 338 335 335.929992675781 337.720001220703 335.290008544922 327.390014648438 320.290008544922 317.100006103516 317.899993896484 316.350006103516 313.559997558594 314.920013427734 319.019989013672 322.959991455078 324.690002441406 321.089996337891 313.510009765625 307.760009765625 303.869995117188 300.390014648438 303.320007324219 310.160003662109 312.029998779297 309.290008544922 307.589996337891 306.649993896484 302.359985351562 301.019989013672 303.760009765625 309.690002441406 309.170013427734
200.880004882812 209.639999389648 205.899993896484 221 248.369995117188 250.210006713867 259.679992675781 269.959991455078 285.839996337891 305.470001220703 326.480010986328 331.519989013672 334.079986572266 337.140014648438 340.190002441406 341.5 341.089996337891 343.519989013672 346.359985351562 346.339996337891 343.959991455078 340.589996337891 336.970001220703 335 335.790008544922 337.440002441406 336.230010986328 329.679992675781 322.970001220703 319.209991455078 315.489990234375 314.220001220703 313.829986572266 312.600006103516 313.779998779297 319.410003662109 323.100006103516 319.339996337891 314.299987792969 310.640014648438 305.470001220703 301.220001220703 303.369995117188 308.920013427734 307.140014648438 305.019989013672 306.220001220703 304.140014648438 298.760009765625 299.529998779297 301.220001220703 302.609985351562 306.329986572266
198.190002441406 210.330001831055 205.490005493164 205.190002441406 240.740005493164 263.559997558594 265.209991455078 264.950012207031 272.579986572266 299.260009765625 328.720001220703 334.989990234375 338.029998779297 340.359985351562 339.320007324219 336.940002441406 336.260009765625 338.089996337891 342.579986572266 344 341.760009765625 338.549987792969 336.25 335 335.350006103516 336.739990234375 336.760009765625 332.679992675781 327.269989013672 321.869995117188 315.619995117188 313.75 316.679992675781 318.869995117188 319.579986572266 320.119995117188 320.600006103516 317.380004882812 315.470001220703 312.429992675781 306.989990234375 301.929992675781 299.529998779297 300.279998779297 301.420013427734 306.119995117188 308.679992675781 307.420013427734 299.980010986328 291.950012207031 297.5 307.779998779297 316.459991455078
198.559997558594 206.509994506836 203.649993896484 198.289993286133 218.639999389648 247.509994506836 261.679992675781 265.540008544922 281.019989013672 309.350006103516 333.029998779297 338.579986572266 340.880004882812 342.049987792969 339.649993896484 336.989990234375 339.070007324219 340.359985351562 342.940002441406 342.839996337891 340.350006103516 337.809997558594 335.619995117188 334.670013427734 334.179992675781 334.570007324219 333.529998779297 330.929992675781 328.760009765625 323.179992675781 316.480010986328 313.970001220703 317.160003662109 322.179992675781 324.339996337891 325.119995117188 324.489990234375 319.5 313.390014648438 306.549987792969 301.769989013672 297.75 294.970001220703 294.959991455078 298.75 307.679992675781 310.179992675781 308.160003662109 300.350006103516 293.269989013672 299.459991455078 307.510009765625 318.779998779297
199.080001831055 203.919998168945 198.029998779297 186.149993896484 194.869995117188 225.360000610352 246.75 258.700012207031 289.739990234375 318.779998779297 331.820007324219 340.390014648438 341.630004882812 341.230010986328 340.200012207031 339.059997558594 340.200012207031 341.269989013672 342.140014648438 341.720001220703 339.839996337891 337.019989013672 334.809997558594 333.730010986328 332.720001220703 331.100006103516 327.350006103516 325.019989013672 324.559997558594 320.010009765625 317.100006103516 318.320007324219 319.929992675781 322.950012207031 326.339996337891 326.510009765625 322.809997558594 316.929992675781 311.690002441406 304.720001220703 297.779998779297 293.399993896484 290.609985351562 290.369995117188 294.029998779297 304.670013427734 307.429992675781 303.339996337891 296.559997558594 293.350006103516 301.149993896484 310.700012207031 317.489990234375
194.240005493164 200.139999389648 197.589996337891 185.130004882812 188.110000610352 213.830001831055 237.860000610352 262.309997558594 293.279998779297 316.470001220703 328.640014648438 340.079986572266 341.950012207031 341.899993896484 341.200012207031 340.390014648438 340.399993896484 340.609985351562 340.959991455078 341.100006103516 339.589996337891 337.160003662109 334.709991455078 332.709991455078 331.209991455078 326.920013427734 321.690002441406 319.359985351562 316.799987792969 316.200012207031 316.720001220703 319.200012207031 321.660003662109 322.570007324219 325.260009765625 324.540008544922 321.329986572266 317.399993896484 312.059997558594 306.100006103516 299.170013427734 289.630004882812 282.320007324219 282.600006103516 290.519989013672 300.529998779297 301.290008544922 295.880004882812 289.600006103516 290.200012207031 301.359985351562 308.670013427734 307.470001220703
190.279998779297 201.360000610352 203.369995117188 201.020004272461 212.729995727539 228.399993896484 238.679992675781 267.679992675781 300.290008544922 318.5 330.559997558594 338.609985351562 341.140014648438 342.190002441406 343.019989013672 344.600006103516 344.820007324219 343.980010986328 343.540008544922 343.890014648438 342.329986572266 337.869995117188 333.859985351562 331.160003662109 328.649993896484 323.440002441406 317 312.820007324219 311.679992675781 312.679992675781 313.660003662109 317 320.720001220703 321.359985351562 321.200012207031 318.790008544922 316.209991455078 315.029998779297 312.100006103516 306.380004882812 297.480010986328 285.720001220703 277.529998779297 279.880004882812 288.470001220703 292.989990234375 291.890014648438 290.190002441406 282.350006103516 283.890014648438 300.100006103516 302.540008544922 293.410003662109
181.470001220703 198.449996948242 205.869995117188 207.809997558594 220.710006713867 241.699996948242 251.539993286133 275.570007324219 302.369995117188 320.549987792969 332.109985351562 339.179992675781 342.170013427734 344.089996337891 345.579986572266 347.570007324219 348.200012207031 346.910003662109 346.149993896484 345.880004882812 343.309997558594 338.440002441406 332.329986572266 327.690002441406 324.959991455078 319.540008544922 312.480010986328 309.350006103516 310.859985351562 313.070007324219 314.019989013672 316.850006103516 320.579986572266 322 320.220001220703 318.059997558594 314.970001220703 312.809997558594 309.600006103516 303.190002441406 292.450012207031 279.559997558594 273.920013427734 278.869995117188 285.079986572266 287.019989013672 285.010009765625 282.390014648438 278.730010986328 284.940002441406 296.230010986328 296.179992675781 294.079986572266
170.089996337891 182.199996948242 194.970001220703 201.259994506836 213.880004882812 238.029998779297 254.679992675781 276.359985351562 307.019989013672 325.619995117188 336.279998779297 341.579986572266 344.519989013672 346.040008544922 348.420013427734 350.100006103516 350.399993896484 349.380004882812 348 346.380004882812 343.470001220703 338.309997558594 330.709991455078 323.980010986328 318.929992675781 313.589996337891 311.559997558594 311.720001220703 313.140014648438 314.929992675781 314.420013427734 314.529998779297 317.059997558594 317.940002441406 316.920013427734 316.559997558594 316.130004882812 313.950012207031 309.519989013672 302.399993896484 293.790008544922 285.459991455078 275.760009765625 273.75 282.089996337891 286.429992675781 284.519989013672 280.630004882812 277.339996337891 284.980010986328 302.779998779297 311.399993896484 314.089996337891
153.759994506836 158.850006103516 173.339996337891 185.679992675781 206.839996337891 228.330001831055 245.710006713867 277.010009765625 305.609985351562 325.25 339.399993896484 343.190002441406 345.790008544922 347.950012207031 350.480010986328 352.070007324219 352.579986572266 351.779998779297 349.880004882812 347.510009765625 344.179992675781 338.640014648438 330.459991455078 322.109985351562 313.320007324219 308.529998779297 312.440002441406 315.660003662109 316.929992675781 315.410003662109 311.820007324219 310.950012207031 310.559997558594 310.589996337891 312.269989013672 313.679992675781 314.410003662109 313.480010986328 309.489990234375 301.410003662109 292.989990234375 288.700012207031 280.959991455078 272.010009765625 275.910003662109 281.700012207031 278.019989013672 274.269989013672 276.5 286.410003662109 300.390014648438 309.809997558594 313.040008544922
158.190002441406 144.360000610352 156.289993286133 170.029998779297 194.770004272461 206.070007324219 230.759994506836 290.470001220703 319.480010986328 333.910003662109 343.440002441406 345.369995117188 347.380004882812 349.170013427734 350.799987792969 352.619995117188 353.890014648438 352.619995117188 350.170013427734 347.670013427734 343.910003662109 338.179992675781 330.899993896484 322.010009765625 309.609985351562 303.579986572266 309.660003662109 313.670013427734 315.390014648438 313.709991455078 307.299987792969 303.140014648438 301.149993896484 303.070007324219 307.829986572266 310.649993896484 310.369995117188 309.25 307.019989013672 298.989990234375 287.470001220703 284.410003662109 283.600006103516 269.220001220703 263.350006103516 267.679992675781 260.869995117188 265.459991455078 287.070007324219 294.709991455078 288.010009765625 285.649993896484 298.209991455078
