pkg/rmaxent/inst/layers/tmx6190_ann.asc
NCOLS 122 
NROWS 160 
XLLCORNER -94.8 
YLLCORNER -56.45 
CELLSIZE 0.5 
NODATA_value -3.4e+38 
[rows 46 to 68 of 160, columns 53 to 105 of 122]
311.269989013672 311.130004882812 311.119995117188 311.859985351562 309.890014648438 308.359985351562 312.209991455078 316.130004882812 319.279998779297 321.079986572266 321.640014648438 323.399993896484 325.410003662109 326.399993896484 326.890014648438 326.739990234375 326.480010986328 325.880004882812 326.299987792969 327.929992675781 328.760009765625 328.589996337891 328.779998779297 329.040008544922 326.929992675781 323.450012207031 322.209991455078 321.140014648438 320.100006103516 320.309997558594 321.5 322.410003662109 323.290008544922 323.829986572266 323.619995117188 323.779998779297 323.208343505859 322 -3.4e+38 -3.4e+38 -3.4e+38 -3.4e+38 -3.4e+38 -3.4e+38 -3.4e+38 -3.4e+38 -3.4e+38 -3.4e+38 -3.4e+38 -3.4e+38 -3.4e+38 -3.4e+38 -3.4e+38
309.299987792969 310.019989013672 310.399993896484 311.790008544922 313 314.450012207031 317.309997558594 318.910003662109 320.799987792969 322.929992675781 323.869995117188 325.019989013672 326.209991455078 326.579986572266 325.459991455078 324.079986572266 324.079986572266 324.799987792969 326.700012207031 328.839996337891 329 329.359985351562 330.329986572266 330.059997558594 328.410003662109 326.869995117188 325.230010986328 323.359985351562 323 323.410003662109 324.220001220703 324.429992675781 324.260009765625 326.420013427734 327.070007324219 325.869995117188 324.089996337891 322.25 320.377777099609 320.677764892578 323 -3.4e+38 -3.4e+38 -3.4e+38 -3.4e+38 -3.4e+38 -3.4e+38 -3.4e+38 -3.4e+38 -3.4e+38 -3.4e+38 -3.4e+38 -3.4e+38
309.670013427734 310.489990234375 310.459991455078 311.470001220703 312.600006103516 314.690002441406 317.470001220703 318.959991455078 320.929992675781 322.859985351562 324.339996337891 325.279998779297 326.320007324219 326.600006103516 324.640014648438 323.109985351562 324.320007324219 325.859985351562 327.940002441406 329.230010986328 329.899993896484 330.630004882812 331.720001220703 331.429992675781 329.700012207031 328.160003662109 327 325.589996337891 325.559997558594 325.440002441406 325.190002441406 325.459991455078 326.720001220703 328.359985351562 328.589996337891 327.239990234375 325.279998779297 323.579986572266 321.920013427734 321.329986572266 322.072906494141 322.977783203125 324.077789306641 324 -3.4e+38 -3.4e+38 -3.4e+38 -3.4e+38 -3.4e+38 -3.4e+38 -3.4e+38 -3.4e+38 -3.4e+38
309.899993896484 311 310.980010986328 311.459991455078 313.040008544922 315.640014648438 317.429992675781 318.920013427734 320.799987792969 322.399993896484 323.529998779297 324.230010986328 325.350006103516 326.450012207031 325.440002441406 324.630004882812 325.329986572266 326.049987792969 327.029998779297 328.839996337891 330.230010986328 331.350006103516 332.320007324219 332.489990234375 331.380004882812 329.869995117188 327.820007324219 326.209991455078 326.480010986328 327.049987792969 327 328.309997558594 330.630004882812 331.019989013672 330.589996337891 329.739990234375 328.100006103516 326.040008544922 323.260009765625 322.200012207031 322.829986572266 324.579986572266 325.320007324219 323.427093505859 319.844451904297 320.54443359375 324.296295166016 -3.4e+38 -3.4e+38 -3.4e+38 -3.4e+38 -3.4e+38 -3.4e+38
310.190002441406 311.890014648438 311.899993896484 312.029998779297 313.329986572266 315.929992675781 317.779998779297 319.399993896484 320.529998779297 321.600006103516 322.600006103516 323.559997558594 324.529998779297 325.660003662109 326 325.899993896484 326.320007324219 326.540008544922 326.529998779297 328.029998779297 329.980010986328 331.739990234375 332.989990234375 333.040008544922 332.399993896484 330.910003662109 329.369995117188 328.269989013672 328.619995117188 329.790008544922 329.950012207031 331.190002441406 331.890014648438 331.540008544922 331 330.859985351562 329.799987792969 327.950012207031 325.720001220703 324.5 325.010009765625 325.989990234375 325.690002441406 323.040008544922 320.350006103516 318.649993896484 317.1875 316.370361328125 -3.4e+38 -3.4e+38 -3.4e+38 -3.4e+38 -3.4e+38
310.880004882812 311.899993896484 312.890014648438 313.279998779297 314.589996337891 316.720001220703 318.760009765625 320.279998779297 320.980010986328 321.459991455078 322.339996337891 323.329986572266 324.369995117188 325.399993896484 326.200012207031 326.910003662109 327.380004882812 327.5 326.980010986328 328.040008544922 330.25 331.910003662109 333.670013427734 333.989990234375 332.25 329.970001220703 329.350006103516 329.679992675781 328.470001220703 328.890014648438 328.700012207031 329.670013427734 330.540008544922 331.019989013672 330.679992675781 329.820007324219 329.160003662109 328.649993896484 326.859985351562 325.420013427734 325.980010986328 325.790008544922 325.130004882812 324.269989013672 322.730010986328 320.540008544922 318.429992675781 321.3125 327.314819335938 331.333343505859 331.333343505859 -3.4e+38 -3.4e+38
312.100006103516 312.799987792969 314.079986572266 314.390014648438 315.790008544922 318.070007324219 320.130004882812 320.970001220703 321.260009765625 321.980010986328 322 322.570007324219 323.970001220703 325.399993896484 326 327.130004882812 328.269989013672 328 327.369995117188 327.529998779297 329.709991455078 332.149993896484 333.690002441406 334.070007324219 331.769989013672 329.019989013672 326.910003662109 326.730010986328 327.5 327.640014648438 326.859985351562 327.190002441406 328.910003662109 329.820007324219 329.779998779297 329.470001220703 329.320007324219 329.769989013672 328.440002441406 326.730010986328 326.440002441406 325.540008544922 325 324.380004882812 323.950012207031 323.989990234375 322.160003662109 321.790008544922 323.020843505859 324.468078613281 325.65625 325.444458007812 329.433319091797
313.75 314.589996337891 315.739990234375 316.209991455078 317.579986572266 319.290008544922 320.779998779297 321.890014648438 321.519989013672 321.100006103516 321.100006103516 321.989990234375 323.899993896484 325.399993896484 326.019989013672 327 328.010009765625 327.839996337891 326.920013427734 327.309997558594 329.390014648438 330.640014648438 332 332.429992675781 330.859985351562 329.220001220703 327.480010986328 326.850006103516 326.890014648438 326.279998779297 326.019989013672 326.089996337891 326.760009765625 327.130004882812 327.429992675781 328.839996337891 329.980010986328 329.859985351562 328.769989013672 327.989990234375 326.869995117188 324.989990234375 324.739990234375 324.970001220703 326.290008544922 328.700012207031 328.630004882812 327.660003662109 327.299987792969 327.880004882812 329.029998779297 329.700012207031 329.880004882812
315.420013427734 316.339996337891 317.359985351562 318.200012207031 319.260009765625 320.369995117188 321.630004882812 322.160003662109 321.029998779297 321 321.320007324219 322.320007324219 323.899993896484 325.339996337891 326.579986572266 327.839996337891 328.200012207031 328.369995117188 327.769989013672 327.880004882812 328.589996337891 329.230010986328 330.079986572266 331.149993896484 331.019989013672 330.459991455078 328.959991455078 327.910003662109 327.570007324219 327.100006103516 326.980010986328 326.440002441406 326 326 326.690002441406 328.320007324219 329.859985351562 330.760009765625 330.359985351562 329.489990234375 328.179992675781 326.890014648438 326.260009765625 326.420013427734 329.079986572266 332.049987792969 333.850006103516 333.589996337891 332.519989013672 333.320007324219 335.829986572266 337.190002441406 336.480010986328
318.019989013672 319.019989013672 319.559997558594 320.140014648438 321.179992675781 321.720001220703 321.989990234375 322 321.910003662109 321.950012207031 322.170013427734 322.570007324219 324 325 326.309997558594 328 328 328.019989013672 328 328 328.369995117188 328.799987792969 329.070007324219 330.640014648438 331.600006103516 331.75 329.700012207031 328 328.519989013672 328.950012207031 328.190002441406 326.850006103516 325.730010986328 325.450012207031 324.739990234375 326.809997558594 329.850006103516 331.320007324219 331.769989013672 331.179992675781 330.519989013672 330.320007324219 330.690002441406 331.179992675781 333.049987792969 336.239990234375 337.980010986328 338.760009765625 340.230010986328 343.519989013672 345.570007324219 346.049987792969 344.970001220703
320.130004882812 320.720001220703 321.010009765625 321.760009765625 322.450012207031 322.420013427734 322.899993896484 322.899993896484 322.950012207031 323.329986572266 323.690002441406 324.149993896484 325.260009765625 325.959991455078 326.489990234375 327.649993896484 328.410003662109 328.570007324219 328.200012207031 327.920013427734 328.079986572266 329.019989013672 329.739990234375 331.170013427734 331.690002441406 330.869995117188 329.619995117188 328.910003662109 328.700012207031 327.799987792969 327.549987792969 327.299987792969 326.450012207031 325.820007324219 324.25 325.470001220703 329.799987792969 332.149993896484 332.089996337891 331.549987792969 331.549987792969 331.950012207031 333.450012207031 334.25 335.880004882812 339.75 341.769989013672 342.190002441406 344.420013427734 349.980010986328 353.209991455078 353.140014648438 350.399993896484
321.320007324219 321.899993896484 322.480010986328 323.619995117188 323.769989013672 323.730010986328 323.899993896484 323.899993896484 324.269989013672 324.720001220703 324.950012207031 325.709991455078 327.100006103516 327.429992675781 327.410003662109 328.709991455078 329.720001220703 330.149993896484 330.130004882812 329.589996337891 329.390014648438 329.779998779297 330.839996337891 331 331.130004882812 330.5 329.589996337891 329.559997558594 328.109985351562 326.070007324219 326.200012207031 325.920013427734 324.190002441406 324.390014648438 324.459991455078 326.970001220703 331.510009765625 334.109985351562 335.109985351562 336.670013427734 337.130004882812 335.5 335.119995117188 336.739990234375 339.209991455078 342.100006103516 343.760009765625 344.829986572266 347.040008544922 352.059997558594 356.100006103516 356.660003662109 353.720001220703
322.320007324219 322.899993896484 322.989990234375 323.880004882812 324.890014648438 324.470001220703 324.200012207031 324.899993896484 325.230010986328 325.899993896484 326.179992675781 327.130004882812 327.970001220703 328.239990234375 329.140014648438 330.190002441406 330.890014648438 330.980010986328 330.700012207031 330 330.309997558594 331.269989013672 331.890014648438 331.899993896484 332.420013427734 332.320007324219 330.730010986328 330.769989013672 329.190002441406 326.540008544922 327.049987792969 327.179992675781 324.549987792969 324.670013427734 326.75 330.350006103516 334.100006103516 335.720001220703 336.380004882812 338.820007324219 340.679992675781 340.049987792969 339.920013427734 339.880004882812 341.890014648438 343.299987792969 345.940002441406 347.820007324219 351.059997558594 354.410003662109 355.450012207031 356.519989013672 354.850006103516
323.269989013672 323.899993896484 323.950012207031 324.470001220703 325.320007324219 325.149993896484 324.200012207031 324.720001220703 325.5 326.049987792969 326.549987792969 327.760009765625 328.489990234375 328.779998779297 330.320007324219 331.390014648438 331.899993896484 331.899993896484 331.5 330.559997558594 331.489990234375 333.170013427734 332.380004882812 331.950012207031 332.420013427734 332.720001220703 331.609985351562 331.410003662109 330.299987792969 327.630004882812 328.010009765625 329.059997558594 326.799987792969 325.269989013672 328.130004882812 331.5 333.670013427734 335.920013427734 337.220001220703 339.190002441406 341.320007324219 342.260009765625 342.929992675781 339.989990234375 340.829986572266 342.730010986328 346.600006103516 350.100006103516 351.769989013672 354.489990234375 357.200012207031 357.269989013672 353.890014648438
323.779998779297 324.940002441406 325.329986572266 325.720001220703 325.980010986328 325.910003662109 325.700012207031 325.730010986328 326.320007324219 327.269989013672 327.769989013672 328.459991455078 329 329.630004882812 331.480010986328 332.720001220703 332.440002441406 332 332.070007324219 332.049987792969 332.760009765625 333.149993896484 331.450012207031 330.640014648438 331.609985351562 333.549987792969 333.049987792969 332.179992675781 331.260009765625 329.519989013672 328.269989013672 329.089996337891 329.529998779297 329.279998779297 330.839996337891 333.450012207031 335.140014648438 337.269989013672 339.839996337891 341.130004882812 341.869995117188 343.829986572266 342.369995117188 338.820007324219 341.510009765625 345.320007324219 348.859985351562 352.010009765625 354.320007324219 357.630004882812 359.899993896484 359.369995117188 354.179992675781
324.679992675781 326.329986572266 326.910003662109 327.100006103516 327.100006103516 327.100006103516 327.100006103516 327.100006103516 327.410003662109 328.290008544922 329.209991455078 329.429992675781 329.320007324219 329.989990234375 331.079986572266 332.700012207031 332.600006103516 331.739990234375 332.839996337891 334.929992675781 334.369995117188 331.709991455078 327.869995117188 328.100006103516 330.070007324219 331.489990234375 331.489990234375 331.109985351562 331.029998779297 331.420013427734 330.700012207031 330.829986572266 331.350006103516 332.109985351562 333.149993896484 334.820007324219 337.079986572266 340.640014648438 342.630004882812 341.679992675781 343.820007324219 346.440002441406 345.170013427734 343.720001220703 347.140014648438 352.019989013672 355.239990234375 356.290008544922 357.160003662109 359.720001220703 360.670013427734 359.820007324219 356.459991455078
325.480010986328 328.040008544922 328.690002441406 329 329.25 328.899993896484 328.899993896484 329.119995117188 329.269989013672 328.980010986328 329.779998779297 330.510009765625 329.980010986328 330.260009765625 331.890014648438 333.640014648438 332.799987792969 331.589996337891 333.529998779297 335.380004882812 334.950012207031 332.940002441406 327.239990234375 326.089996337891 329.019989013672 331.010009765625 332.049987792969 332.170013427734 331.899993896484 332.75 333.679992675781 333.380004882812 333.239990234375 333.910003662109 334.959991455078 336.910003662109 339.649993896484 344.470001220703 345.950012207031 344.049987792969 345.920013427734 347.670013427734 346.75 346.279998779297 348.929992675781 352.839996337891 355.700012207031 354.660003662109 354.420013427734 357.480010986328 357.489990234375 356.679992675781 353.359985351562
326.179992675781 328.5 329 329.739990234375 330.760009765625 330.75 330.769989013672 330.459991455078 330.079986572266 329.899993896484 330.630004882812 331.369995117188 330.440002441406 330.399993896484 331.579986572266 332.820007324219 332.950012207031 332.75 334.160003662109 335.910003662109 336.200012207031 334.809997558594 329.869995117188 326.529998779297 326.660003662109 328.75 330.929992675781 331.640014648438 332.519989013672 334.940002441406 335.959991455078 336.170013427734 335.559997558594 335.820007324219 336.149993896484 337.339996337891 341.640014648438 346.980010986328 348.480010986328 346.170013427734 347.290008544922 345.619995117188 345 344.779998779297 347.820007324219 350.75 351.920013427734 354.359985351562 354.75 355 353.899993896484 352.269989013672 348.670013427734
327.200012207031 329.279998779297 329.589996337891 330.029998779297 331.420013427734 332.320007324219 332.380004882812 331.820007324219 331.480010986328 330.950012207031 330.989990234375 331.010009765625 330.600006103516 330.459991455078 332.040008544922 333.720001220703 333.339996337891 333.510009765625 334.869995117188 335.760009765625 337.089996337891 336.730010986328 334.160003662109 330.859985351562 328.519989013672 328.290008544922 329.279998779297 330.709991455078 332.779998779297 335.540008544922 336.269989013672 337.140014648438 336.220001220703 335.089996337891 336.899993896484 339.640014648438 345.149993896484 348.899993896484 347.970001220703 345.920013427734 348.619995117188 346.720001220703 344.109985351562 343.869995117188 348.350006103516 350.579986572266 351.230010986328 355.320007324219 355.049987792969 350.160003662109 345.149993896484 344.989990234375 343.989990234375
328.739990234375 330.149993896484 331.339996337891 331.649993896484 333.290008544922 333.529998779297 333.079986572266 333.239990234375 333.200012207031 331.989990234375 330.869995117188 330.149993896484 330.579986572266 331.019989013672 332.200012207031 333.709991455078 332.459991455078 332.540008544922 334.390014648438 335.440002441406 335.660003662109 335.899993896484 337.029998779297 335.5 333.329986572266 331.079986572266 330.070007324219 331.079986572266 334.220001220703 336.320007324219 335.679992675781 337.019989013672 338.859985351562 336.399993896484 337.260009765625 343.279998779297 348.320007324219 349.570007324219 347.910003662109 348.070007324219 351.070007324219 349.670013427734 345.600006103516 344.630004882812 349.670013427734 350.119995117188 350.609985351562 353.209991455078 352.089996337891 343.890014648438 338.190002441406 338.320007324219 338.109985351562
329.690002441406 331.25 332.399993896484 333.980010986328 335.980010986328 335.790008544922 334.359985351562 333.980010986328 333.220001220703 332.200012207031 331.899993896484 331.190002441406 331.920013427734 331.829986572266 332.119995117188 333.230010986328 332.320007324219 332.679992675781 332.929992675781 335.109985351562 336.600006103516 336 337.010009765625 337.809997558594 338.679992675781 336.25 332.769989013672 331.980010986328 334.25 336.5 338.25 340.820007324219 341.640014648438 339.859985351562 340.899993896484 346.070007324219 349.709991455078 349.429992675781 348.839996337891 350.209991455078 351.959991455078 350.910003662109 347.920013427734 345.720001220703 348.309997558594 348.380004882812 349.769989013672 349.570007324219 344.459991455078 339.390014648438 335.600006103516 333.970001220703 334.049987792969
330.309997558594 332.170013427734 334.559997558594 336.529998779297 337.480010986328 336.709991455078 335.25 333.619995117188 332.029998779297 331.450012207031 332.010009765625 331.700012207031 331.429992675781 331.350006103516 331.700012207031 332.739990234375 333.029998779297 333.369995117188 333.910003662109 335.720001220703 338.079986572266 338.010009765625 338.059997558594 338.440002441406 340.290008544922 340.459991455078 337.309997558594 334.269989013672 334.059997558594 337.450012207031 340.989990234375 341.980010986328 342.109985351562 341.420013427734 342.910003662109 347.630004882812 348.589996337891 347.950012207031 349.170013427734 350.720001220703 351.029998779297 351.690002441406 349.75 344.760009765625 340.899993896484 341.329986572266 345.309997558594 346.100006103516 339.929992675781 333.519989013672 329.670013427734 328.670013427734 326.519989013672
330.279998779297 333.429992675781 336.700012207031 338.940002441406 339.359985351562 338.790008544922 337.25 332.769989013672 329.070007324219 329.649993896484 331.549987792969 332.239990234375 332.739990234375 333.089996337891 333.149993896484 333.279998779297 334.299987792969 334.920013427734 335.989990234375 337.970001220703 340.679992675781 341.910003662109 340.25 339.260009765625 342.269989013672 342.109985351562 337.649993896484 335.510009765625 336.190002441406 340.359985351562 342.320007324219 342.100006103516 343.519989013672 344.709991455078 346.160003662109 348.399993896484 348.959991455078 348.489990234375 349.339996337891 351 350.190002441406 349.359985351562 347.519989013672 342 338.309997558594 339.019989013672 342.410003662109 341.899993896484 335.459991455078 329.570007324219 325.709991455078 323.579986572266 318.369995117188
