pkg/rmaxent/inst/layers/tmx6190_ann.asc
NCOLS 122 
NROWS 160 
XLLCORNER -94.8 
YLLCORNER -56.45 
CELLSIZE 0.5 
NODATA_value -3.4e+38 
[rows 92 to 114 of 160, columns 53 to 105 of 122]
166.919998168945 141.800003051758 148.580001831055 160.460006713867 184.169998168945 199.059997558594 233.339996337891 303.540008544922 330.700012207031 340.220001220703 344.529998779297 346.049987792969 347.570007324219 348.980010986328 350.410003662109 351.839996337891 352.880004882812 351.799987792969 349.190002441406 346.440002441406 342.529998779297 336.779998779297 329.399993896484 321.100006103516 308.480010986328 300.519989013672 305.480010986328 309.929992675781 311.880004882812 309.880004882812 300.890014648438 293.070007324219 290.769989013672 297.140014648438 306.070007324219 310.279998779297 311.440002441406 307.269989013672 299.410003662109 294.170013427734 292.040008544922 288.549987792969 283.040008544922 266.399993896484 252.289993286133 256.359985351562 262.649993896484 270.220001220703 290.309997558594 304.820007324219 300.660003662109 296.190002441406 297.5
182.5 149.740005493164 154.809997558594 164.419998168945 177.729995727539 193.770004272461 227.880004882812 294.299987792969 334.630004882812 342.839996337891 346.079986572266 347.809997558594 348.390014648438 349.380004882812 349.980010986328 350.190002441406 350.700012207031 349.970001220703 347.160003662109 344.459991455078 340.589996337891 333.929992675781 327.089996337891 320.209991455078 310.100006103516 302.470001220703 303.220001220703 307.920013427734 310.660003662109 306.149993896484 295.920013427734 284.049987792969 275.079986572266 282.790008544922 299.480010986328 307.209991455078 309.209991455078 303.820007324219 294.869995117188 288.720001220703 286.829986572266 285.339996337891 279.649993896484 271.350006103516 264.470001220703 260.649993896484 264.100006103516 279.329986572266 296.160003662109 306 305.75 300.200012207031 299
176.789993286133 148.419998168945 154.339996337891 166.75 179.639999389648 203.470001220703 255.850006103516 307.630004882812 333.910003662109 344.200012207031 348.5 349.890014648438 349.769989013672 349.929992675781 349.260009765625 348.420013427734 348.489990234375 348.070007324219 346.079986572266 342.739990234375 337.329986572266 329.559997558594 323.100006103516 318.070007324219 311.700012207031 305.769989013672 304.869995117188 308.910003662109 309.209991455078 301.880004882812 291.329986572266 283.600006103516 277.890014648438 279.130004882812 287.959991455078 294.549987792969 298.109985351562 294.630004882812 288.410003662109 283.470001220703 280.529998779297 277.260009765625 273.820007324219 274.040008544922 272.690002441406 265.720001220703 262.984375 281.100006103516 297.600006103516 306 306 -3.4e+38 -3.4e+38
155.339996337891 153.160003662109 153.779998779297 155.220001220703 168.279998779297 214.660003662109 283.200012207031 307.75 322.100006103516 345.369995117188 350.679992675781 351.970001220703 350.640014648438 348.730010986328 348.089996337891 348.519989013672 349.160003662109 348.369995117188 346.899993896484 342.670013427734 335.179992675781 327.269989013672 320.910003662109 317.480010986328 314.399993896484 309.75 308.029998779297 310.170013427734 308.070007324219 302.579986572266 294.700012207031 287.779998779297 285.519989013672 284.399993896484 285.910003662109 283.910003662109 280.019989013672 277.25 276.019989013672 275.890014648438 282.279998779297 289.410003662109 284.730010986328 280.260009765625 283.875 266.700012207031 263 -3.4e+38 -3.4e+38 -3.4e+38 -3.4e+38 -3.4e+38 -3.4e+38
146.270004272461 160.889999389648 155.979995727539 157.589996337891 178.570007324219 237.369995117188 287.989990234375 303.649993896484 327.760009765625 345.700012207031 350.440002441406 351.540008544922 350.309997558594 347.390014648438 346.549987792969 347.390014648438 347.989990234375 347.820007324219 346.709991455078 342.130004882812 335.089996337891 328.089996337891 321.839996337891 316.570007324219 312.559997558594 311.269989013672 312.239990234375 313.420013427734 307.559997558594 299.820007324219 295.940002441406 290.440002441406 284.790008544922 284.380004882812 284.429992675781 278.25 270.609985351562 271.470001220703 276.850006103516 278.350006103516 286.510009765625 290.679992675781 286.765625 281.700012207031 287 -3.4e+38 -3.4e+38 -3.4e+38 -3.4e+38 -3.4e+38 -3.4e+38 -3.4e+38 -3.4e+38
137.679992675781 148.210006713867 149.539993286133 171.539993286133 209.279998779297 251.149993896484 294.399993896484 316.519989013672 334.839996337891 345.899993896484 349.589996337891 350.230010986328 349.140014648438 346.670013427734 345.230010986328 344.359985351562 344.809997558594 345.640014648438 344.850006103516 340.269989013672 334.709991455078 329.760009765625 323.269989013672 317.790008544922 314.209991455078 314.480010986328 316.950012207031 316.910003662109 310.190002441406 300.929992675781 294.920013427734 290.380004882812 284.329986572266 279.540008544922 280.130004882812 279.239990234375 273.630004882812 267.029998779297 266.899993896484 275.959991455078 283.130004882812 284.1875 286 -3.4e+38 -3.4e+38 -3.4e+38 -3.4e+38 -3.4e+38 -3.4e+38 -3.4e+38 -3.4e+38 -3.4e+38 -3.4e+38
140.419998168945 151.039993286133 148.229995727539 174.550003051758 226.110000610352 262.910003662109 291.820007324219 318.109985351562 335.399993896484 346.029998779297 349.600006103516 350.209991455078 349.109985351562 346.369995117188 342.910003662109 340.929992675781 341.790008544922 342.670013427734 341.739990234375 337.279998779297 333.140014648438 329.609985351562 323.880004882812 319.670013427734 316.369995117188 315.779998779297 318.679992675781 318.959991455078 312.700012207031 305.140014648438 298.720001220703 293.089996337891 283.570007324219 276.910003662109 279.019989013672 279.540008544922 274.640014648438 266.450012207031 265.769989013672 277.899993896484 284.28125 282 -3.4e+38 -3.4e+38 -3.4e+38 -3.4e+38 -3.4e+38 -3.4e+38 -3.4e+38 -3.4e+38 -3.4e+38 -3.4e+38 -3.4e+38
136.919998168945 159.740005493164 161.190002441406 169.940002441406 212.759994506836 263.570007324219 292.279998779297 315.399993896484 337.589996337891 347.149993896484 351.640014648438 352.220001220703 349.359985351562 345.630004882812 341.920013427734 339.790008544922 339.399993896484 339.089996337891 338.630004882812 336.709991455078 333.779998779297 331.940002441406 328.230010986328 325.130004882812 321.179992675781 317.130004882812 317.540008544922 317.440002441406 309.989990234375 301.359985351562 295.549987792969 290.709991455078 283.489990234375 281.149993896484 281.380004882812 279.859985351562 274.589996337891 270.880004882812 277.109985351562 286.046875 285 -3.4e+38 -3.4e+38 -3.4e+38 -3.4e+38 -3.4e+38 -3.4e+38 -3.4e+38 -3.4e+38 -3.4e+38 -3.4e+38 -3.4e+38 -3.4e+38
132.990005493164 160.089996337891 170.830001831055 192.199996948242 218.869995117188 259.109985351562 303.079986572266 326.290008544922 341.570007324219 347.920013427734 351.769989013672 351.790008544922 349.059997558594 345.799987792969 341.799987792969 339.600006103516 338.239990234375 336.329986572266 334.950012207031 334.309997558594 333.920013427734 333.75 333.059997558594 331.440002441406 327.470001220703 321.850006103516 318.670013427734 315.850006103516 311.130004882812 306.570007324219 301.850006103516 297.559997558594 287.600006103516 276.739990234375 275.109985351562 272.850006103516 273.540008544922 279.670013427734 286.010009765625 287.783325195312 -3.4e+38 -3.4e+38 -3.4e+38 -3.4e+38 -3.4e+38 -3.4e+38 -3.4e+38 -3.4e+38 -3.4e+38 -3.4e+38 -3.4e+38 -3.4e+38 -3.4e+38
159.470001220703 200.270004272461 210.5 230.300003051758 243.029998779297 294.519989013672 322.510009765625 333.660003662109 343.049987792969 347.959991455078 350.440002441406 350.010009765625 347.480010986328 344.640014648438 341.600006103516 339.709991455078 336.540008544922 332.820007324219 330.890014648438 331.630004882812 332.540008544922 334.100006103516 336.390014648438 335.839996337891 329.820007324219 322.600006103516 317.440002441406 315.640014648438 316.589996337891 315.890014648438 311.790008544922 303.559997558594 294.950012207031 285.380004882812 277.660003662109 273.670013427734 274.959991455078 277.910003662109 279.010009765625 282.816680908203 -3.4e+38 -3.4e+38 -3.4e+38 -3.4e+38 -3.4e+38 -3.4e+38 -3.4e+38 -3.4e+38 -3.4e+38 -3.4e+38 -3.4e+38 -3.4e+38 -3.4e+38
183.520004272461 247.660003662109 274.260009765625 292.769989013672 292.089996337891 316.399993896484 330.549987792969 334.600006103516 342.230010986328 346.130004882812 348.190002441406 348.399993896484 346.279998779297 343.75 341.140014648438 338.779998779297 334.359985351562 329.420013427734 327.589996337891 328.609985351562 330.910003662109 333.220001220703 335.070007324219 333.100006103516 327.420013427734 321.75 317.600006103516 315.75 313.25 309.690002441406 305.019989013672 298.299987792969 291.049987792969 284.399993896484 275.859985351562 267.459991455078 260.730010986328 258.630004882812 263.459991455078 270.700012207031 -3.4e+38 -3.4e+38 -3.4e+38 -3.4e+38 -3.4e+38 -3.4e+38 -3.4e+38 -3.4e+38 -3.4e+38 -3.4e+38 -3.4e+38 -3.4e+38 -3.4e+38
205.949996948242 266.130004882812 311.700012207031 316.149993896484 306.290008544922 318.910003662109 328.459991455078 335.149993896484 341.670013427734 344.739990234375 346.720001220703 347.070007324219 344.709991455078 341.839996337891 339.299987792969 336.269989013672 331.670013427734 327.700012207031 325.660003662109 326.190002441406 328.929992675781 331.160003662109 331.480010986328 329.369995117188 324.779998779297 321.149993896484 318.260009765625 314.619995117188 309.920013427734 304.600006103516 298.720001220703 291.920013427734 283.989990234375 275.070007324219 266.089996337891 259.089996337891 247.710006713867 249.770004272461 267.829986572266 273.383331298828 -3.4e+38 -3.4e+38 -3.4e+38 -3.4e+38 -3.4e+38 -3.4e+38 -3.4e+38 -3.4e+38 -3.4e+38 -3.4e+38 -3.4e+38 -3.4e+38 -3.4e+38
244.710006713867 249.759994506836 298.799987792969 321.75 321.109985351562 329.399993896484 334.869995117188 340.079986572266 341.109985351562 341.579986572266 343.549987792969 343.429992675781 341.019989013672 338.179992675781 336.079986572266 333.820007324219 329.130004882812 324.899993896484 323.859985351562 325.230010986328 327.459991455078 328.640014648438 328.410003662109 326.010009765625 322.790008544922 319.390014648438 315.170013427734 310.170013427734 304.839996337891 301.380004882812 298.140014648438 289.869995117188 281.709991455078 275.059997558594 264.100006103516 253.339996337891 249.570007324219 259.980010986328 274.869995117188 279.833343505859 -3.4e+38 -3.4e+38 -3.4e+38 -3.4e+38 -3.4e+38 -3.4e+38 -3.4e+38 -3.4e+38 -3.4e+38 -3.4e+38 -3.4e+38 -3.4e+38 -3.4e+38
270.579986572266 272.260009765625 313 335.309997558594 341.579986572266 338.950012207031 339.929992675781 340.760009765625 335.089996337891 333.25 337.839996337891 337.399993896484 335.239990234375 333.950012207031 333.170013427734 332.549987792969 329.100006103516 324.739990234375 324.070007324219 324.440002441406 325.579986572266 325.910003662109 324.799987792969 322.309997558594 319.179992675781 315.5 310.709991455078 306.070007324219 301.640014648438 299.190002441406 296.290008544922 289.929992675781 289.709991455078 284.880004882812 269.399993896484 253.740005493164 254.770004272461 266.25 276.100006103516 281 -3.4e+38 -3.4e+38 -3.4e+38 -3.4e+38 -3.4e+38 -3.4e+38 -3.4e+38 -3.4e+38 -3.4e+38 -3.4e+38 -3.4e+38 -3.4e+38 -3.4e+38
300.160003662109 304.059997558594 330.059997558594 345.089996337891 346.440002441406 343.690002441406 341.149993896484 333.910003662109 323.040008544922 323.910003662109 330.640014648438 330.829986572266 329.279998779297 329.109985351562 329.799987792969 330.239990234375 329.130004882812 326.820007324219 325.429992675781 324.290008544922 323.420013427734 323.440002441406 322.600006103516 319.420013427734 315.100006103516 312.510009765625 311.200012207031 308.839996337891 305.279998779297 302.920013427734 301.070007324219 298.209991455078 298.429992675781 296.609985351562 288.709991455078 275.820007324219 268.828125 267.833343505859 -3.4e+38 -3.4e+38 -3.4e+38 -3.4e+38 -3.4e+38 -3.4e+38 -3.4e+38 -3.4e+38 -3.4e+38 -3.4e+38 -3.4e+38 -3.4e+38 -3.4e+38 -3.4e+38 -3.4e+38
311.089996337891 313.140014648438 336.859985351562 342.140014648438 341.839996337891 341.519989013672 336.179992675781 321.269989013672 310.079986572266 319.630004882812 324.559997558594 324.489990234375 324.420013427734 325.679992675781 326.690002441406 327.579986572266 328.489990234375 328.040008544922 326.399993896484 324.950012207031 323.420013427734 322.950012207031 322.059997558594 318.220001220703 313.410003662109 311.619995117188 310.899993896484 309.149993896484 305.369995117188 302.399993896484 301.399993896484 298.519989013672 296.920013427734 296.779998779297 293.480010986328 284.390014648438 278.966674804688 -3.4e+38 -3.4e+38 -3.4e+38 -3.4e+38 -3.4e+38 -3.4e+38 -3.4e+38 -3.4e+38 -3.4e+38 -3.4e+38 -3.4e+38 -3.4e+38 -3.4e+38 -3.4e+38 -3.4e+38 -3.4e+38
318.329986572266 319.910003662109 335.380004882812 335.239990234375 336.769989013672 335.970001220703 319.880004882812 300.540008544922 297.890014648438 313.209991455078 319.260009765625 320.25 320.739990234375 322.109985351562 323.220001220703 324.049987792969 326.540008544922 327.859985351562 326.149993896484 324.690002441406 323.239990234375 321.670013427734 320.029998779297 316.739990234375 312.880004882812 310.899993896484 311.200012207031 307.630004882812 301.779998779297 299.149993896484 296.399993896484 292.799987792969 292.670013427734 291.959991455078 288.019989013672 283.630004882812 280.916656494141 -3.4e+38 -3.4e+38 -3.4e+38 -3.4e+38 -3.4e+38 -3.4e+38 -3.4e+38 -3.4e+38 -3.4e+38 -3.4e+38 -3.4e+38 -3.4e+38 -3.4e+38 -3.4e+38 -3.4e+38 -3.4e+38
324.950012207031 328.320007324219 330.790008544922 334.089996337891 336.440002441406 327.959991455078 297.839996337891 285.519989013672 299.329986572266 310.559997558594 314.089996337891 315.559997558594 317.179992675781 318.470001220703 318.75 319.890014648438 322.420013427734 323.970001220703 324.399993896484 324.279998779297 322.25 319.679992675781 317.519989013672 313.690002441406 311.140014648438 310.290008544922 309.119995117188 306.529998779297 301.950012207031 297.100006103516 292.640014648438 291.029998779297 291.790008544922 289.619995117188 284.779998779297 281.625 281 -3.4e+38 -3.4e+38 -3.4e+38 -3.4e+38 -3.4e+38 -3.4e+38 -3.4e+38 -3.4e+38 -3.4e+38 -3.4e+38 -3.4e+38 -3.4e+38 -3.4e+38 -3.4e+38 -3.4e+38 -3.4e+38
333.380004882812 337.230010986328 337.230010986328 335.869995117188 334.470001220703 325.119995117188 294.959991455078 283.679992675781 302.209991455078 307.720001220703 310.619995117188 312.690002441406 314.230010986328 315.390014648438 315.970001220703 317.380004882812 318.850006103516 319.989990234375 320.920013427734 321.119995117188 319.260009765625 316.609985351562 313.920013427734 310.089996337891 308.630004882812 309.5 307.850006103516 306.049987792969 303.510009765625 297.820007324219 292.959991455078 291.779998779297 289.589996337891 284.940002441406 282.6875 281 -3.4e+38 -3.4e+38 -3.4e+38 -3.4e+38 -3.4e+38 -3.4e+38 -3.4e+38 -3.4e+38 -3.4e+38 -3.4e+38 -3.4e+38 -3.4e+38 -3.4e+38 -3.4e+38 -3.4e+38 -3.4e+38 -3.4e+38
337.630004882812 340.630004882812 338.010009765625 333.880004882812 325.489990234375 315.859985351562 298.809997558594 287.450012207031 301.059997558594 306.079986572266 308.589996337891 311.149993896484 312.540008544922 313.190002441406 312.940002441406 313.859985351562 316.579986572266 317.739990234375 318.100006103516 318.350006103516 316.399993896484 313.890014648438 311.209991455078 308.640014648438 307.290008544922 307.519989013672 306.260009765625 304.799987792969 302.260009765625 297.149993896484 292.859985351562 291.010009765625 288.359375 283.799987792969 282 -3.4e+38 -3.4e+38 -3.4e+38 -3.4e+38 -3.4e+38 -3.4e+38 -3.4e+38 -3.4e+38 -3.4e+38 -3.4e+38 -3.4e+38 -3.4e+38 -3.4e+38 -3.4e+38 -3.4e+38 -3.4e+38 -3.4e+38 -3.4e+38
334.179992675781 338.350006103516 334.359985351562 321.290008544922 305.190002441406 300.299987792969 296.720001220703 291.309997558594 300.640014648438 306.059997558594 308.739990234375 311.239990234375 311.730010986328 310.959991455078 310.100006103516 311.980010986328 315.809997558594 316.070007324219 315.690002441406 314.75 312.809997558594 309.589996337891 306.950012207031 305.679992675781 304.269989013672 302.519989013672 300.359985351562 298.970001220703 297.75 294.380004882812 290.429992675781 288.609375 288 -3.4e+38 -3.4e+38 -3.4e+38 -3.4e+38 -3.4e+38 -3.4e+38 -3.4e+38 -3.4e+38 -3.4e+38 -3.4e+38 -3.4e+38 -3.4e+38 -3.4e+38 -3.4e+38 -3.4e+38 -3.4e+38 -3.4e+38 -3.4e+38 -3.4e+38 -3.4e+38
328.570007324219 335.609985351562 333.420013427734 319.149993896484 304.980010986328 300 297.609985351562 300.269989013672 304.440002441406 308.329986572266 310.589996337891 311 310.769989013672 309.75 308.980010986328 310.640014648438 313.279998779297 313.619995117188 312.269989013672 308.839996337891 305.950012207031 302.630004882812 300.850006103516 299.880004882812 298.230010986328 294.489990234375 292.459991455078 294.049987792969 292.579986572266 288.459991455078 285.640014648438 285.466674804688 -3.4e+38 -3.4e+38 -3.4e+38 -3.4e+38 -3.4e+38 -3.4e+38 -3.4e+38 -3.4e+38 -3.4e+38 -3.4e+38 -3.4e+38 -3.4e+38 -3.4e+38 -3.4e+38 -3.4e+38 -3.4e+38 -3.4e+38 -3.4e+38 -3.4e+38 -3.4e+38 -3.4e+38
323.480010986328 334.369995117188 334.109985351562 324.869995117188 315.399993896484 311.410003662109 309.799987792969 310.950012207031 311.570007324219 311.739990234375 312.089996337891 311.519989013672 310.339996337891 308.779998779297 307.769989013672 308.570007324219 310.829986572266 310.829986572266 307.890014648438 302.359985351562 296.589996337891 292.489990234375 291.700012207031 291.260009765625 290.100006103516 286.399993896484 284.149993896484 285.720001220703 284.920013427734 280.670013427734 278.875 285 -3.4e+38 -3.4e+38 -3.4e+38 -3.4e+38 -3.4e+38 -3.4e+38 -3.4e+38 -3.4e+38 -3.4e+38 -3.4e+38 -3.4e+38 -3.4e+38 -3.4e+38 -3.4e+38 -3.4e+38 -3.4e+38 -3.4e+38 -3.4e+38 -3.4e+38 -3.4e+38 -3.4e+38
