pkg/rmaxent/inst/layers/vap6190_ann.asc
NCOLS 122 
NROWS 160 
XLLCORNER -94.8 
YLLCORNER -56.45 
CELLSIZE 0.5 
NODATA_value -3.4e+38 
[rows 92 to 114 of 160, columns 53 to 105 of 122]
25.7999992370605 6.73000001907349 9.4700002670288 16.2800006866455 34.060001373291 47.3499984741211 82.3000030517578 153.259994506836 178.330001831055 180.399993896484 178.130004882812 175.610000610352 176.009994506836 177.690002441406 181.300003051758 187.679992675781 196.020004272461 203.729995727539 210.720001220703 216.020004272461 218.220001220703 218.410003662109 217.679992675781 215.929992675781 208.970001220703 203.380004882812 208.990005493164 214.210006713867 214.779998779297 209.630004882812 195.529998779297 181.830001831055 174.509994506836 176.289993286133 182.220001220703 183.850006103516 182.789993286133 180.899993896484 178.029998779297 177.929992675781 180.149993896484 180.970001220703 180.070007324219 169.550003051758 161.550003051758 168.479995727539 177.139999389648 186.570007324219 206.080001831055 221.75 221.770004272461 221.740005493164 226.515625
40.6300010681152 11.3000001907349 14.3900003433228 20.0400009155273 30.5699996948242 44.9199981689453 77.9800033569336 145.169998168945 182.070007324219 177.619995117188 171.490005493164 168.949996948242 170.690002441406 175.039993286133 181.190002441406 187.679992675781 195.279998779297 203.169998168945 211.279998779297 218.229995727539 220.449996948242 219.270004272461 218.259994506836 216.199996948242 210.740005493164 205.570007324219 206.619995117188 210.339996337891 210.419998168945 202.410003662109 188.039993286133 170.399993896484 156.649993896484 161.220001220703 174.759994506836 179.619995117188 179.460006713867 176.330001831055 173.559997558594 173.470001220703 177.169998168945 180.210006713867 179.550003051758 177.509994506836 178.039993286133 179.710006713867 186.5 199.110000610352 211.169998168945 223.850006103516 224.203125 229 232
36.939998626709 11.2700004577637 14.9300003051758 23.3299999237061 33.5699996948242 56.1699981689453 106.739997863770 154.800003051758 172.270004272461 169.059997558594 162.520004272461 161.229995727539 165.600006103516 172.460006713867 179.929992675781 186.860000610352 193.979995727539 201.419998168945 209.320007324219 215.740005493164 218.130004882812 217.619995117188 216.789993286133 215.110000610352 211.160003662109 206.529998779297 206.050003051758 209.300003051758 206.800003051758 195.559997558594 180.339996337891 167.720001220703 158.720001220703 157.789993286133 165.580001831055 170.899993896484 173.119995117188 171.899993896484 170.440002441406 171.289993286133 174.660003662109 176.710006713867 178.570007324219 185.449996948242 190.949996948242 187.559997558594 184.65625 201.5 212.100006103516 223.5 223 -3.4e+38 -3.4e+38
18.5900001525879 15.1999998092651 14.4499998092651 15.5500001907349 25.0300006866455 69.0299987792969 133.229995727539 149.229995727539 153.149993896484 161.699996948242 155.509994506836 155.809997558594 162.869995117188 170.029998779297 178.059997558594 185.399993896484 192.839996337891 199.470001220703 205.360000610352 210.149993896484 212.860000610352 213.639999389648 214.350006103516 214.070007324219 211.839996337891 207.520004272461 205.630004882812 207.699996948242 203.470001220703 193.75 181.350006103516 170.419998168945 165.779998779297 163.910003662109 165.580001831055 165.449996948242 163.550003051758 162.880004882812 164.820007324219 169.649993896484 181.669998168945 193.649993896484 197.100006103516 202.559997558594 208.125 188.800003051758 184 -3.4e+38 -3.4e+38 -3.4e+38 -3.4e+38 -3.4e+38 -3.4e+38
13.75 21.1800003051758 16.8600006103516 17.7199993133545 35.5400009155273 89.7099990844727 135.429992675781 141.229995727539 152.610000610352 158.690002441406 155.610000610352 156.279998779297 162.520004272461 169.25 176.990005493164 184.320007324219 191.169998168945 196.440002441406 200.869995117188 204.059997558594 206.25 207.479995727539 209.259994506836 208.690002441406 205.779998779297 204.570007324219 204.970001220703 205.520004272461 198.779998779297 188.009994506836 180.990005493164 172.600006103516 165.729995727539 165.309997558594 166.449996948242 163.630004882812 159.940002441406 163.460006713867 172.229995727539 178.240005493164 191.279998779297 202.949996948242 206.46875 206.399993896484 213 -3.4e+38 -3.4e+38 -3.4e+38 -3.4e+38 -3.4e+38 -3.4e+38 -3.4e+38 -3.4e+38
8.14000034332275 12.75 13.0200004577637 30.0900001525879 63.7599983215332 102.470001220703 138.309997558594 150.139999389648 157.279998779297 159.100006103516 157.460006713867 158.350006103516 163 169.25 176.800003051758 183.509994506836 189.240005493164 194.199996948242 198.050003051758 199.899993896484 200.729995727539 201.320007324219 202.699996948242 202.889999389648 201.050003051758 201.699996948242 204.580001831055 204.059997558594 196.529998779297 186.240005493164 178.660003662109 172.369995117188 166.419998168945 162.460006713867 164.509994506836 166.289993286133 164.660003662109 163.210006713867 168.160003662109 181.339996337891 194.860000610352 201.640625 208 -3.4e+38 -3.4e+38 -3.4e+38 -3.4e+38 -3.4e+38 -3.4e+38 -3.4e+38 -3.4e+38 -3.4e+38 -3.4e+38
9.14000034332275 13.5 11.6700000762939 32.8899993896484 78.4199981689453 113.779998779297 136.75 152.529998779297 158.740005493164 160.410003662109 159.360000610352 160.070007324219 163.990005493164 169.779998779297 176.800003051758 183.050003051758 187.839996337891 192.309997558594 196.009994506836 197.410003662109 197.869995117188 198.160003662109 198.279998779297 198.759994506836 197.720001220703 197.729995727539 201.619995117188 202.419998168945 195.610000610352 187.169998168945 180.100006103516 174.490005493164 165.869995117188 160.369995117188 164.220001220703 167.440002441406 166.809997558594 164.589996337891 169.779998779297 187.449996948242 197.796875 201 -3.4e+38 -3.4e+38 -3.4e+38 -3.4e+38 -3.4e+38 -3.4e+38 -3.4e+38 -3.4e+38 -3.4e+38 -3.4e+38 -3.4e+38
8.22999954223633 17.8999996185303 18.5599994659424 25.8299999237061 64.0100021362305 114.319999694824 139.779998779297 151.669998168945 160.559997558594 161.410003662109 160.770004272461 161.850006103516 165.660003662109 170.789993286133 176.770004272461 182.919998168945 187.5 191.179992675781 194.300003051758 196.339996337891 197.240005493164 197.889999389648 198.050003051758 198.210006713867 196.360000610352 194.399993896484 197.070007324219 198.169998168945 189.869995117188 180.839996337891 175.190002441406 170.770004272461 165.380004882812 164.779998779297 166.809997558594 167.289993286133 166.300003051758 168.839996337891 181.449996948242 194.53125 198.833328247070 -3.4e+38 -3.4e+38 -3.4e+38 -3.4e+38 -3.4e+38 -3.4e+38 -3.4e+38 -3.4e+38 -3.4e+38 -3.4e+38 -3.4e+38 -3.4e+38
7.67999982833862 17.6599998474121 23.7700004577637 40.0900001525879 65.2200012207031 107.089996337891 148.169998168945 159.149993896484 162.660003662109 161.600006103516 161 162.240005493164 166 171 176.529998779297 182.259994506836 186.470001220703 189.429992675781 191.990005493164 194.059997558594 195.630004882812 196.389999389648 196.419998168945 196.059997558594 194.440002441406 193.570007324219 194.630004882812 193.160003662109 187.910003662109 182.899993896484 178.889999389648 176.720001220703 169.350006103516 160.949996948242 161.710006713867 161.5 165.949996948242 177.75 190.240005493164 195.983337402344 -3.4e+38 -3.4e+38 -3.4e+38 -3.4e+38 -3.4e+38 -3.4e+38 -3.4e+38 -3.4e+38 -3.4e+38 -3.4e+38 -3.4e+38 -3.4e+38 -3.4e+38
21.25 42.9000015258789 49.7400016784668 65.0899963378906 81.5699996948242 130.809997558594 156.410003662109 161.220001220703 162.470001220703 161.440002441406 161.110000610352 162.570007324219 165.990005493164 171.009994506836 176.789993286133 182.779998779297 186.199996948242 187.539993286133 189.179992675781 191.479995727539 193.880004882812 194.979995727539 194.910003662109 194.190002441406 192.619995117188 190.679992675781 188.460006713867 188.600006103516 189.699996948242 188.600006103516 185.910003662109 181.279998779297 176.110000610352 169.220001220703 164.419998168945 164.080001831055 169.350006103516 177.779998779297 185.630004882812 193.600006103516 -3.4e+38 -3.4e+38 -3.4e+38 -3.4e+38 -3.4e+38 -3.4e+38 -3.4e+38 -3.4e+38 -3.4e+38 -3.4e+38 -3.4e+38 -3.4e+38 -3.4e+38
32.4700012207031 69.879997253418 87.120002746582 102.660003662109 109.779998779297 137.679992675781 153.619995117188 156.910003662109 160.029998779297 159.669998168945 159.570007324219 161.399993896484 165.479995727539 171.190002441406 177.089996337891 182.100006103516 184.550003051758 185.630004882812 187.050003051758 189 191.339996337891 192.990005493164 192.660003662109 191.350006103516 189.520004272461 187.289993286133 185.550003051758 185.25 183.589996337891 180.990005493164 178.389999389648 173.889999389648 170.460006713867 168.110000610352 163.440002441406 159.389999389648 157.869995117188 161.990005493164 174.119995117188 185.916671752930 -3.4e+38 -3.4e+38 -3.4e+38 -3.4e+38 -3.4e+38 -3.4e+38 -3.4e+38 -3.4e+38 -3.4e+38 -3.4e+38 -3.4e+38 -3.4e+38 -3.4e+38
43.0400009155273 78.0999984741211 107.839996337891 114.709999084473 112.290000915527 129.100006103516 143.009994506836 151.360000610352 156 156.460006713867 157.139999389648 160.139999389648 164.979995727539 170.139999389648 175.279998779297 179.529998779297 182.029998779297 183.850006103516 185.369995117188 186.119995117188 187.139999389648 188.389999389648 188.070007324219 187.070007324219 185.910003662109 184.559997558594 182.789993286133 180.289993286133 177.960006713867 175.429992675781 171.350006103516 166.449996948242 162.639999389648 159.360000610352 155.399993896484 153.210006713867 148.059997558594 156.820007324219 181.110000610352 190.283340454102 -3.4e+38 -3.4e+38 -3.4e+38 -3.4e+38 -3.4e+38 -3.4e+38 -3.4e+38 -3.4e+38 -3.4e+38 -3.4e+38 -3.4e+38 -3.4e+38 -3.4e+38
65.9599990844727 66.2399978637695 97.629997253418 116.019996643066 119.239997863770 131.520004272461 142.169998168945 150.389999389648 152.949996948242 153.399993896484 155.479995727539 159.199996948242 164.169998168945 168.740005493164 173.169998168945 177.009994506836 179.160003662109 181.100006103516 182.309997558594 181.910003662109 181.520004272461 182.100006103516 182.539993286133 182.440002441406 181.550003051758 179.740005493164 177.360000610352 174.419998168945 172.070007324219 171.759994506836 171.210006713867 165.669998168945 161.050003051758 159.470001220703 154.520004272461 149.600006103516 153.089996337891 171.610000610352 187.639999389648 187.783340454102 -3.4e+38 -3.4e+38 -3.4e+38 -3.4e+38 -3.4e+38 -3.4e+38 -3.4e+38 -3.4e+38 -3.4e+38 -3.4e+38 -3.4e+38 -3.4e+38 -3.4e+38
81.6500015258789 79.6699981689453 107.209999084473 127.589996337891 136.419998168945 137.860000610352 144.039993286133 149.020004272461 147.350006103516 147.899993896484 154.899993896484 159.419998168945 163.690002441406 167.429992675781 170.919998168945 174.380004882812 176.490005493164 177.960006713867 178.389999389648 176.429992675781 175.279998779297 176.160003662109 176.710006713867 176.610000610352 176.080001831055 174.470001220703 171.550003051758 169.309997558594 168.380004882812 169.679992675781 169.669998168945 165.720001220703 169.25 169.399993896484 160.610000610352 151.990005493164 162.410003662109 181.953125 188.699996948242 187 -3.4e+38 -3.4e+38 -3.4e+38 -3.4e+38 -3.4e+38 -3.4e+38 -3.4e+38 -3.4e+38 -3.4e+38 -3.4e+38 -3.4e+38 -3.4e+38 -3.4e+38
100.480003356934 100.569999694824 121.379997253418 137.789993286133 142.229995727539 142.779998779297 144.949996948242 143.059997558594 138.460006713867 143.669998168945 153.610000610352 158.990005493164 163.520004272461 166.800003051758 168.970001220703 171.089996337891 172.669998168945 173.350006103516 172.779998779297 171.179992675781 170.830001831055 171.809997558594 171.600006103516 170.149993896484 169.919998168945 170.179992675781 169.899993896484 170.440002441406 171.130004882812 172.809997558594 174.100006103516 173.929992675781 177.289993286133 179.270004272461 177.440002441406 173.839996337891 173.53125 184.833328247070 -3.4e+38 -3.4e+38 -3.4e+38 -3.4e+38 -3.4e+38 -3.4e+38 -3.4e+38 -3.4e+38 -3.4e+38 -3.4e+38 -3.4e+38 -3.4e+38 -3.4e+38 -3.4e+38 -3.4e+38
106.099998474121 106.790000915527 127.540000915527 136.690002441406 140.160003662109 142.910003662109 142.330001831055 135.839996337891 132.660003662109 144.320007324219 152.940002441406 158.169998168945 162.699996948242 165.860000610352 167.080001831055 167.419998168945 167.550003051758 167.289993286133 166.699996948242 166.479995727539 166.960006713867 167.740005493164 165.979995727539 163.080001831055 162.619995117188 164.029998779297 165.449996948242 167.039993286133 167.610000610352 169.309997558594 172.550003051758 173.759994506836 175.240005493164 178.759994506836 181.660003662109 181.610000610352 181.883331298828 -3.4e+38 -3.4e+38 -3.4e+38 -3.4e+38 -3.4e+38 -3.4e+38 -3.4e+38 -3.4e+38 -3.4e+38 -3.4e+38 -3.4e+38 -3.4e+38 -3.4e+38 -3.4e+38 -3.4e+38 -3.4e+38
108.879997253418 111 125.680000305176 130.380004882812 136.160003662109 140.300003051758 133.029998779297 125.389999389648 129.240005493164 144.179992675781 152.330001831055 157.449996948242 161.559997558594 164.509994506836 164.929992675781 164 162.869995117188 161.860000610352 162 162.029998779297 161.619995117188 161.770004272461 160.119995117188 157.210006713867 156.059997558594 157.350006103516 160.639999389648 160.330001831055 159.259994506836 161.949996948242 165 166.940002441406 171.229995727539 176.119995117188 179.169998168945 180.199996948242 180.466659545898 -3.4e+38 -3.4e+38 -3.4e+38 -3.4e+38 -3.4e+38 -3.4e+38 -3.4e+38 -3.4e+38 -3.4e+38 -3.4e+38 -3.4e+38 -3.4e+38 -3.4e+38 -3.4e+38 -3.4e+38 -3.4e+38
109.919998168945 114.809997558594 122.099998474121 129.910003662109 135.589996337891 133.509994506836 115.739997863770 115.019996643066 132.210006713867 143.550003051758 150.220001220703 154.919998168945 159.240005493164 162.839996337891 163.259994506836 161.490005493164 159.809997558594 159.369995117188 159.110000610352 157.869995117188 156.360000610352 156.160003662109 155.289993286133 152.369995117188 151.449996948242 153.009994506836 154.75 155.190002441406 154.690002441406 155.860000610352 159.149993896484 164.300003051758 170.729995727539 175.5 176.479995727539 176.140625 180 -3.4e+38 -3.4e+38 -3.4e+38 -3.4e+38 -3.4e+38 -3.4e+38 -3.4e+38 -3.4e+38 -3.4e+38 -3.4e+38 -3.4e+38 -3.4e+38 -3.4e+38 -3.4e+38 -3.4e+38 -3.4e+38
113.459999084473 120.239997863770 126.080001831055 130.119995117188 132.889999389648 129.229995727539 111.489997863770 111.220001220703 132.470001220703 141.279998779297 147.669998168945 152.380004882812 156.25 160 161.410003662109 159.520004272461 156.770004272461 158.029998779297 158.419998168945 155.5 153.020004272461 152.440002441406 151.410003662109 148.919998168945 149.300003051758 151.610000610352 151 151.580001831055 152.889999389648 154.339996337891 158.789993286133 165.470001220703 170.660003662109 173.020004272461 173.734375 175 -3.4e+38 -3.4e+38 -3.4e+38 -3.4e+38 -3.4e+38 -3.4e+38 -3.4e+38 -3.4e+38 -3.4e+38 -3.4e+38 -3.4e+38 -3.4e+38 -3.4e+38 -3.4e+38 -3.4e+38 -3.4e+38 -3.4e+38
118.209999084473 122.589996337891 124.900001525879 126.879997253418 124.639999389648 120.730003356934 112.639999389648 112.639999389648 131.399993896484 139.889999389648 145.210006713867 149.449996948242 152.509994506836 155.910003662109 157.869995117188 155.940002441406 153.860000610352 154.729995727539 154.940002441406 152.990005493164 150.800003051758 149.889999389648 149.630004882812 149.020004272461 148.850006103516 149.820007324219 148.660003662109 148.289993286133 150.460006713867 154.669998168945 160.029998779297 165.949996948242 168.59375 172.399993896484 173 -3.4e+38 -3.4e+38 -3.4e+38 -3.4e+38 -3.4e+38 -3.4e+38 -3.4e+38 -3.4e+38 -3.4e+38 -3.4e+38 -3.4e+38 -3.4e+38 -3.4e+38 -3.4e+38 -3.4e+38 -3.4e+38 -3.4e+38 -3.4e+38
117.940002441406 121.819999694824 121.849998474121 116.180000305176 108.319999694824 109.589996337891 112.199996948242 115.410003662109 130.270004272461 137.910003662109 142.369995117188 146.089996337891 147.940002441406 150.309997558594 152.839996337891 152.699996948242 151.729995727539 150.789993286133 150.160003662109 149.990005493164 148.880004882812 148.279998779297 148.539993286133 149.009994506836 148.889999389648 147.860000610352 145.419998168945 145.080001831055 149.270004272461 155.740005493164 160.660003662109 162.734375 168 -3.4e+38 -3.4e+38 -3.4e+38 -3.4e+38 -3.4e+38 -3.4e+38 -3.4e+38 -3.4e+38 -3.4e+38 -3.4e+38 -3.4e+38 -3.4e+38 -3.4e+38 -3.4e+38 -3.4e+38 -3.4e+38 -3.4e+38 -3.4e+38 -3.4e+38 -3.4e+38
114.650001525879 119.430000305176 119.980003356934 113.459999084473 106.980003356934 107.959999084473 112.209999084473 121.569999694824 130.320007324219 136.089996337891 139.929992675781 142.240005493164 143.800003051758 145.389999389648 147.160003662109 148.360000610352 149.160003662109 148.410003662109 147.440002441406 147.940002441406 147.899993896484 147.470001220703 147.800003051758 147.899993896484 147.279998779297 145.190002441406 143.990005493164 146.289993286133 151.419998168945 157.619995117188 160.360000610352 159.483337402344 -3.4e+38 -3.4e+38 -3.4e+38 -3.4e+38 -3.4e+38 -3.4e+38 -3.4e+38 -3.4e+38 -3.4e+38 -3.4e+38 -3.4e+38 -3.4e+38 -3.4e+38 -3.4e+38 -3.4e+38 -3.4e+38 -3.4e+38 -3.4e+38 -3.4e+38 -3.4e+38 -3.4e+38
110.129997253418 116.730003356934 118.410003662109 115.239997863770 112.279998779297 114.919998168945 119.779998779297 125.400001525879 130.139999389648 133.899993896484 136.720001220703 138.309997558594 139.910003662109 141.330001831055 142.830001831055 144.320007324219 145.789993286133 146.490005493164 147.429992675781 148.690002441406 148.570007324219 147.369995117188 146.169998168945 145.5 144.809997558594 143.360000610352 144.199996948242 148.220001220703 153.369995117188 157.979995727539 160.921875 159 -3.4e+38 -3.4e+38 -3.4e+38 -3.4e+38 -3.4e+38 -3.4e+38 -3.4e+38 -3.4e+38 -3.4e+38 -3.4e+38 -3.4e+38 -3.4e+38 -3.4e+38 -3.4e+38 -3.4e+38 -3.4e+38 -3.4e+38 -3.4e+38 -3.4e+38 -3.4e+38 -3.4e+38
