pkg/rmaxent/inst/layers/vap6190_ann.asc
NCOLS 122 
NROWS 160 
XLLCORNER -94.8 
YLLCORNER -56.45 
CELLSIZE 0.5 
NODATA_value -3.4e+38 
[rows 46 to 68 of 160, columns 53 to 105 of 122]
291.029998779297 291.5 292.369995117188 291.700012207031 287.220001220703 283.899993896484 286.369995117188 289.230010986328 290.779998779297 290.290008544922 289.299987792969 288.399993896484 287.359985351562 285.920013427734 283.480010986328 281.079986572266 278.589996337891 275.880004882812 275.25 276.230010986328 277.089996337891 277.869995117188 280.089996337891 282.390014648438 281.630004882812 278.630004882812 278.109985351562 277.980010986328 278.320007324219 280.600006103516 284.600006103516 287.709991455078 290.549987792969 292.720001220703 293.429992675781 294.910003662109 294.145843505859 292.444458007812 -3.4e+38 -3.4e+38 -3.4e+38 -3.4e+38 -3.4e+38 -3.4e+38 -3.4e+38 -3.4e+38 -3.4e+38 -3.4e+38 -3.4e+38 -3.4e+38 -3.4e+38 -3.4e+38 -3.4e+38
291.589996337891 293.910003662109 294.559997558594 294.579986572266 294.709991455078 295.420013427734 296.040008544922 296.029998779297 296.190002441406 295.790008544922 295.140014648438 294.25 292.809997558594 290.720001220703 286.079986572266 281.450012207031 279.799987792969 279.820007324219 281.100006103516 283.100006103516 283.390014648438 284.109985351562 285.700012207031 286.200012207031 285.170013427734 283.679992675781 282.420013427734 281.149993896484 281.989990234375 284.579986572266 287.190002441406 290.100006103516 292.570007324219 295.540008544922 296.649993896484 296.890014648438 296.619995117188 296.989593505859 298.566680908203 297.888885498047 296 -3.4e+38 -3.4e+38 -3.4e+38 -3.4e+38 -3.4e+38 -3.4e+38 -3.4e+38 -3.4e+38 -3.4e+38 -3.4e+38 -3.4e+38 -3.4e+38
292.519989013672 294.959991455078 295.350006103516 295.899993896484 296.320007324219 297.709991455078 298.739990234375 299.130004882812 299.690002441406 299.579986572266 299.209991455078 298.170013427734 296.760009765625 294.089996337891 289.299987792969 285.200012207031 284.429992675781 285.029998779297 286.600006103516 288.160003662109 288.869995117188 288.970001220703 289.739990234375 289.779998779297 288.570007324219 286.540008544922 284.980010986328 283.589996337891 284.049987792969 286.070007324219 289.029998779297 292.540008544922 296.290008544922 298.980010986328 299.559997558594 299.230010986328 299.070007324219 299.609985351562 299.790008544922 298.649993896484 295.739593505859 292.655548095703 291.911102294922 293.537048339844 -3.4e+38 -3.4e+38 -3.4e+38 -3.4e+38 -3.4e+38 -3.4e+38 -3.4e+38 -3.4e+38 -3.4e+38
293.559997558594 295.929992675781 296.369995117188 296.899993896484 297.670013427734 299.260009765625 300.329986572266 301.200012207031 301.880004882812 302.130004882812 302.179992675781 300.910003662109 299.390014648438 297.049987792969 293.320007324219 290.519989013672 289.070007324219 288.940002441406 290 291.429992675781 292.869995117188 293.679992675781 294.299987792969 294.299987792969 292.850006103516 289.869995117188 286.670013427734 283.410003662109 284.100006103516 286.880004882812 291.059997558594 296.450012207031 301.049987792969 302.040008544922 301.390014648438 300.549987792969 300.399993896484 301.329986572266 301.350006103516 299.339996337891 295.519989013672 291.739990234375 289.440002441406 289.072906494141 289 288.733337402344 288.222229003906 -3.4e+38 -3.4e+38 -3.4e+38 -3.4e+38 -3.4e+38 -3.4e+38
295.049987792969 297.190002441406 297.720001220703 297.950012207031 299.100006103516 301.130004882812 302.130004882812 303.140014648438 303.739990234375 303.920013427734 303.850006103516 303.279998779297 301.839996337891 299.559997558594 296.859985351562 294.779998779297 292.839996337891 291.839996337891 292.209991455078 293.570007324219 295.320007324219 296.640014648438 297.820007324219 297.869995117188 296.350006103516 293.309997558594 289.890014648438 286.079986572266 285.829986572266 289.799987792969 294.790008544922 300.75 303.769989013672 302.929992675781 302 301.769989013672 302.079986572266 302.720001220703 302.149993896484 299.790008544922 296.260009765625 292.529998779297 289.950012207031 288.989990234375 289.260009765625 289.769989013672 290.208343505859 290.888885498047 -3.4e+38 -3.4e+38 -3.4e+38 -3.4e+38 -3.4e+38
296.779998779297 297.839996337891 298.940002441406 299.329986572266 300.589996337891 302.299987792969 303.329986572266 304.320007324219 305.239990234375 305.690002441406 305.390014648438 304.519989013672 303.440002441406 301.880004882812 300.100006103516 298.269989013672 296.230010986328 295.209991455078 294.459991455078 295.429992675781 298.25 299.869995117188 301.679992675781 302.160003662109 299.140014648438 295.690002441406 292.589996337891 289.339996337891 287.890014648438 289.970001220703 294 298.230010986328 301.279998779297 301.730010986328 301.109985351562 301.609985351562 302.890014648438 304.089996337891 303.140014648438 300.730010986328 297.070007324219 292.959991455078 290.350006103516 288.959991455078 289.230010986328 290 290.619995117188 288.197906494141 282.222229003906 277.111114501953 276.962951660156 -3.4e+38 -3.4e+38
298.339996337891 299.200012207031 300.320007324219 300.769989013672 301.769989013672 303.320007324219 304.320007324219 305.290008544922 305.980010986328 306 306 305.429992675781 304.489990234375 303.440002441406 302.019989013672 300.429992675781 299.160003662109 298.160003662109 297.179992675781 297.179992675781 299.200012207031 301.920013427734 304.619995117188 305.25 301.989990234375 298.540008544922 295.220001220703 292.100006103516 290.739990234375 291.540008544922 293.720001220703 296 298.429992675781 299.899993896484 300.279998779297 302.040008544922 304.899993896484 306.239990234375 304.540008544922 301.899993896484 298.410003662109 293.809997558594 290.760009765625 288.290008544922 287.470001220703 289.040008544922 289.910003662109 290.739990234375 290.15625 287.436157226562 284.197906494141 282.266662597656 275.54443359375
299.920013427734 300.739990234375 301.910003662109 302.339996337891 303.200012207031 304.309997558594 305.290008544922 305.980010986328 306.260009765625 306.899993896484 306.380004882812 305.660003662109 305 304.429992675781 303.399993896484 301.989990234375 300.540008544922 299.559997558594 298.579986572266 298.380004882812 300.079986572266 302.739990234375 304.970001220703 305.730010986328 304.140014648438 301.869995117188 298.920013427734 295.739990234375 293.850006103516 293.059997558594 293.630004882812 294.649993896484 295.820007324219 296.380004882812 297.670013427734 302.049987792969 306.440002441406 307.970001220703 305.290008544922 301.410003662109 296.459991455078 290.920013427734 287.920013427734 285.809997558594 285.350006103516 287.75 288.790008544922 288.730010986328 287.089996337891 284.019989013672 280.75 277.350006103516 273.140014648438
301.989990234375 302.709991455078 303.880004882812 303.929992675781 304.420013427734 305.380004882812 305.980010986328 306 306.339996337891 306.679992675781 306.019989013672 306 305.380004882812 304.660003662109 304 303.089996337891 301.600006103516 300.850006103516 300.359985351562 299.929992675781 300.940002441406 303.299987792969 305.700012207031 307.179992675781 307.190002441406 305.440002441406 302.070007324219 298.809997558594 296.799987792969 295.309997558594 294.730010986328 294.549987792969 294.540008544922 295.290008544922 297.480010986328 302.040008544922 306.820007324219 308.640014648438 304.670013427734 299.450012207031 293.279998779297 287.910003662109 283.700012207031 281.040008544922 282.450012207031 284.119995117188 285.190002441406 283.720001220703 279.839996337891 275.970001220703 273.359985351562 270.290008544922 265.519989013672
305.299987792969 305.450012207031 305.690002441406 305.970001220703 306.559997558594 306.720001220703 306.380004882812 306 306 306.019989013672 306 305.679992675781 305.019989013672 305 304.380004882812 303.910003662109 303.239990234375 302.329986572266 301.769989013672 302.059997558594 303.329986572266 304.950012207031 306.570007324219 308.5 309.760009765625 308.459991455078 304.459991455078 300.559997558594 298.679992675781 297.179992675781 295.290008544922 294.160003662109 293.470001220703 293.309997558594 293.730010986328 297.540008544922 302.179992675781 303.820007324219 300.410003662109 294.559997558594 287.940002441406 283.089996337891 280.200012207031 277.760009765625 277.309997558594 278.609985351562 278.799987792969 276.790008544922 272.579986572266 269.410003662109 265.559997558594 260.200012207031 253.860000610352
306 306 306 306.339996337891 306.679992675781 306.100006103516 306.019989013672 306 305.679992675781 305.100006103516 305.100006103516 305.019989013672 305 304.679992675781 304.019989013672 304 303.540008544922 302.660003662109 302.320007324219 303.170013427734 304.200012207031 304.950012207031 306.230010986328 308.290008544922 308.339996337891 306.559997558594 303.799987792969 300.920013427734 298.230010986328 295.320007324219 293.619995117188 292.540008544922 291.390014648438 290.279998779297 289.089996337891 291.359985351562 296.390014648438 297.989990234375 294.559997558594 288.089996337891 280.640014648438 275.369995117188 273.880004882812 272.380004882812 271.040008544922 273.040008544922 273.070007324219 270.200012207031 265.920013427734 263.399993896484 259.540008544922 253.720001220703 245.520004272461
305.920013427734 306 305.950012207031 305.929992675781 306.019989013672 306 305.679992675781 305.100006103516 305.019989013672 304.679992675781 304.100006103516 304.100006103516 304.100006103516 303.739990234375 303.109985351562 303.100006103516 303.019989013672 303 302.980010986328 303 303.230010986328 303.929992675781 305.350006103516 306.209991455078 305.859985351562 304.029998779297 301.470001220703 299.100006103516 295.450012207031 291.359985351562 289.959991455078 288.619995117188 285.940002441406 285.329986572266 285.089996337891 287.890014648438 292.600006103516 293.920013427734 291.359985351562 286.140014648438 278.239990234375 269.829986572266 266.070007324219 265.049987792969 266.029998779297 267.869995117188 266.890014648438 263.709991455078 260.049987792969 257.609985351562 253.919998168945 248.279998779297 239.940002441406
304.609985351562 305.049987792969 304.670013427734 304.559997558594 304.989990234375 304.910003662109 304.609985351562 303.920013427734 303.899993896484 303.609985351562 302.920013427734 302.899993896484 302.989990234375 302.920013427734 302.589996337891 302.440002441406 302.890014648438 302.899993896484 302.579986572266 301.890014648438 301.890014648438 302.529998779297 303.209991455078 303.239990234375 303.160003662109 301.630004882812 298.859985351562 297.220001220703 293.260009765625 288.149993896484 287.029998779297 285.809997558594 282.029998779297 281.549987792969 283.089996337891 286.390014648438 289.320007324219 289.720001220703 286.579986572266 281.480010986328 274.589996337891 266.260009765625 262.209991455078 259.950012207031 260.649993896484 261.260009765625 260.709991455078 257.769989013672 255.960006713867 253.470001220703 248.350006103516 242.639999389648 234.490005493164
303.890014648438 303.670013427734 303.230010986328 303.130004882812 303.290008544922 302.890014648438 302.390014648438 301.890014648438 301.450012207031 301.339996337891 300.890014648438 300.75 301.279998779297 301.299987792969 301.209991455078 301.230010986328 301.339996337891 301.209991455078 300.769989013672 299.579986572266 299.570007324219 300.589996337891 300.100006103516 299.809997558594 299.660003662109 298.950012207031 296.100006103516 294.059997558594 290.540008544922 285.309997558594 283.799987792969 283.290008544922 279.559997558594 277.049987792969 279.790008544922 282.730010986328 283.559997558594 283.309997558594 280.510009765625 276.510009765625 270.369995117188 263.769989013672 259.059997558594 253.059997558594 251.970001220703 252 252.610000610352 251.740005493164 249.110000610352 246.800003051758 244.440002441406 237.460006713867 227.490005493164
302.230010986328 302.230010986328 301.670013427734 301.399993896484 301.399993896484 301.230010986328 300.670013427734 300.230010986328 299.660003662109 299.299987792969 299.179992675781 299.040008544922 299.190002441406 299.140014648438 299.359985351562 299.799987792969 299.470001220703 298.679992675781 298.230010986328 297.839996337891 297.589996337891 297.059997558594 295.299987792969 294.959991455078 295.109985351562 295.260009765625 293.220001220703 290.929992675781 287.929992675781 283.989990234375 280.709991455078 279.760009765625 278.630004882812 277.899993896484 279.209991455078 280.510009765625 280.75 280.140014648438 278.109985351562 273.100006103516 266.260009765625 260.890014648438 254.070007324219 246.690002441406 246.059997558594 246.990005493164 246.800003051758 245.740005493164 244.5 243.619995117188 241.699996948242 235.300003051758 223.520004272461
300.049987792969 300.670013427734 300.279998779297 300.100006103516 300.049987792969 299.670013427734 299.230010986328 298.660003662109 297.799987792969 297.299987792969 297.299987792969 296.880004882812 296.309997558594 296 295.970001220703 296.589996337891 295.809997558594 294.640014648438 295.480010986328 296.700012207031 296.149993896484 292.540008544922 288.149993896484 288.149993896484 288.809997558594 288.959991455078 288.299987792969 286.519989013672 284.480010986328 282.480010986328 279.450012207031 278.109985351562 278.019989013672 278 278.230010986328 278.700012207031 279.279998779297 279.980010986328 277.929992675781 270.420013427734 264.179992675781 259.339996337891 252.289993286133 247.100006103516 246.600006103516 247.279998779297 246.399993896484 243.380004882812 240.529998779297 239.639999389648 236.369995117188 230.669998168945 221.770004272461
297.880004882812 299.369995117188 299.450012207031 298.859985351562 298.649993896484 298.179992675781 297.630004882812 296.739990234375 295.730010986328 295.200012207031 295.200012207031 294.739990234375 293.760009765625 293.140014648438 293.429992675781 293.989990234375 292.940002441406 291.510009765625 292.600006103516 293.619995117188 292.920013427734 290.320007324219 283.790008544922 281.559997558594 283.570007324219 284.149993896484 284.25 283.299987792969 281.450012207031 280.399993896484 279.470001220703 278.399993896484 277.600006103516 277.100006103516 277.399993896484 277.739990234375 279.140014648438 281.869995117188 279.670013427734 270.670013427734 264.019989013672 258.149993896484 251.380004882812 246.059997558594 243.5 242.559997558594 241.110000610352 236.119995117188 231.580001831055 231.089996337891 228.339996337891 224.399993896484 217.759994506836
294.429992675781 296.190002441406 296.510009765625 296.140014648438 296.660003662109 296.140014648438 295.339996337891 293.920013427734 293.010009765625 292.299987792969 292.200012207031 291.869995117188 290.519989013672 289.429992675781 289.600006103516 289.790008544922 289.850006103516 289.899993896484 290.269989013672 290.450012207031 290.600006103516 288.769989013672 282.519989013672 277.690002441406 276.730010986328 277.799987792969 279.279998779297 279.140014648438 278.470001220703 279.440002441406 278.829986572266 277.859985351562 276.480010986328 276.559997558594 275.489990234375 275.200012207031 278.700012207031 283.019989013672 280.700012207031 271.079986572266 264.399993896484 255.559997558594 247.419998168945 240.350006103516 238.149993896484 235.809997558594 231.979995727539 230.100006103516 226.550003051758 224.580001831055 221.899993896484 219.080001831055 213.850006103516
291.899993896484 293.239990234375 293.059997558594 292.820007324219 293.399993896484 292.839996337891 291.589996337891 290.700012207031 290.660003662109 289.429992675781 288.329986572266 288.260009765625 287.079986572266 285.799987792969 286.540008544922 287.049987792969 287.019989013672 287.440002441406 288.010009765625 288.040008544922 287.940002441406 287.019989013672 283.619995117188 278.709991455078 275.070007324219 273.660003662109 273.820007324219 274.160003662109 274.950012207031 276.290008544922 276.600006103516 276.369995117188 274.570007324219 272.200012207031 272.429992675781 274.070007324219 279.040008544922 281.390014648438 276.880004882812 268.609985351562 263.700012207031 253.520004272461 243.190002441406 235.789993286133 234.529998779297 231.190002441406 226.809997558594 226.259994506836 222.759994506836 217.110000610352 212.789993286133 213.039993286133 211.039993286133
288.700012207031 290.130004882812 290.350006103516 289.75 289.970001220703 288.799987792969 287.269989013672 287.200012207031 287.420013427734 285.670013427734 283.920013427734 283 283.079986572266 282.480010986328 282.579986572266 283.200012207031 281.809997558594 282.450012207031 283.700012207031 283.970001220703 282.619995117188 282.239990234375 282.799987792969 279.910003662109 276.220001220703 272.690002441406 270.510009765625 271.100006103516 272.850006103516 273.459991455078 272.290008544922 272.989990234375 273.859985351562 270.239990234375 269.609985351562 274.579986572266 278.790008544922 277.720001220703 272.209991455078 266.570007324219 262.140014648438 252.789993286133 241.139999389648 233.25 232.429992675781 227.570007324219 222.529998779297 220.860000610352 217.339996337891 210.449996948242 207.539993286133 209.229995727539 207.699996948242
284.410003662109 286.549987792969 286.850006103516 286.630004882812 286.730010986328 285.609985351562 284.529998779297 283.970001220703 282.959991455078 281.549987792969 281.089996337891 280 280.019989013672 278.709991455078 277.829986572266 278.690002441406 277.510009765625 277.649993896484 277.940002441406 278.880004882812 278.690002441406 277.109985351562 277.589996337891 277.359985351562 276.920013427734 274.170013427734 270.059997558594 268.739990234375 269.980010986328 271.179992675781 272 273.709991455078 273.450012207031 269.959991455078 269.359985351562 273.959991455078 276.140014648438 272.899993896484 267.549987792969 263.089996337891 258.070007324219 250.070007324219 239.940002441406 231.830001831055 229.050003051758 223.729995727539 220.399993896484 217.240005493164 211.820007324219 208.429992675781 207.580001831055 208.289993286133 208.070007324219
277.970001220703 280.899993896484 281.880004882812 282.420013427734 281.920013427734 280.760009765625 279.839996337891 277.730010986328 275.619995117188 275.309997558594 276.010009765625 275.25 274.899993896484 274.279998779297 273.920013427734 274.559997558594 274.299987792969 274.600006103516 274.769989013672 275.239990234375 275.579986572266 273.429992675781 271.549987792969 270.989990234375 272.850006103516 274.209991455078 271.369995117188 267.739990234375 266.179992675781 268.940002441406 271.630004882812 271.359985351562 270.010009765625 267.059997558594 268.160003662109 271.779998779297 270.399993896484 266.760009765625 262.869995117188 258.290008544922 252.389999389648 246.360000610352 238.779998779297 228.179992675781 219.350006103516 215.259994506836 216 214.990005493164 209.559997558594 205.740005493164 205.619995117188 207.110000610352 206.100006103516
268.899993896484 273.859985351562 276.279998779297 277.739990234375 277.850006103516 277.309997558594 275.529998779297 269.940002441406 265.459991455078 266.880004882812 269.570007324219 270.739990234375 271.290008544922 271.239990234375 271.220001220703 271.640014648438 271.679992675781 271.130004882812 271.589996337891 272.640014648438 273.420013427734 272.170013427734 268.299987792969 266.579986572266 269.700012207031 270.559997558594 266.920013427734 264.549987792969 265.350006103516 269.089996337891 269.959991455078 268.029998779297 267.5 267.170013427734 267.670013427734 268.920013427734 267.049987792969 262.970001220703 258.790008544922 254.600006103516 248.020004272461 241.690002441406 234.119995117188 224.119995117188 215.820007324219 212.710006713867 213.25 211.630004882812 207.330001831055 204.949996948242 204.309997558594 204.789993286133 202.679992675781
