pkg/rmaxent/inst/layers/vap6190_ann.asc
NCOLS 122 
NROWS 160 
XLLCORNER -94.8 
YLLCORNER -56.45 
CELLSIZE 0.5 
NODATA_value -3.4e+38 
[rows 69 to 91 of 160, columns 53 to 105 of 122]
260.359985351562 266.579986572266 270.059997558594 272.149993896484 273.390014648438 274.290008544922 272.970001220703 268.230010986328 262.700012207031 262.040008544922 264.089996337891 265.609985351562 268.269989013672 268.690002441406 268.239990234375 268.589996337891 267.730010986328 265.440002441406 267.010009765625 270.149993896484 270.079986572266 269.410003662109 266.320007324219 262.890014648438 265.489990234375 266.970001220703 264.459991455078 264.709991455078 267.470001220703 269.260009765625 268.190002441406 265.679992675781 264.209991455078 265.350006103516 265.950012207031 265.929992675781 264.369995117188 260.529998779297 255.899993896484 252.100006103516 244.330001831055 234.529998779297 226.619995117188 218.199996948242 211.619995117188 209.669998168945 211.360000610352 213.270004272461 210.610000610352 206.899993896484 202.199996948242 197 194.610000610352
254.740005493164 261.209991455078 265.459991455078 267.739990234375 269.529998779297 271.119995117188 270.429992675781 268.140014648438 266.399993896484 265.950012207031 263.890014648438 261.299987792969 262.359985351562 264.769989013672 264.779998779297 264.279998779297 263.049987792969 261.200012207031 263.170013427734 267.160003662109 267.339996337891 266.75 264.450012207031 260.209991455078 261.670013427734 262.880004882812 260.859985351562 262.940002441406 266.049987792969 266.309997558594 264.940002441406 264.130004882812 261.730010986328 260.690002441406 262.320007324219 262.869995117188 260.75 256.010009765625 251.669998168945 248.830001831055 242.330001831055 233.649993896484 226.630004882812 217.5 209.039993286133 207.910003662109 210.259994506836 211.589996337891 207.720001220703 204.369995117188 200.330001831055 191.899993896484 190.789993286133
250.119995117188 255.350006103516 260.350006103516 263.399993896484 265.359985351562 266.940002441406 267.619995117188 267.480010986328 266.809997558594 266.450012207031 264.769989013672 262.609985351562 261.100006103516 260.059997558594 259.940002441406 261.720001220703 260.799987792969 259.600006103516 262.880004882812 264.410003662109 264.179992675781 264.619995117188 263.160003662109 260.410003662109 260.190002441406 259.600006103516 257.25 260.829986572266 263.579986572266 264.070007324219 262.890014648438 261.339996337891 259.809997558594 258.109985351562 259.179992675781 259.549987792969 256.209991455078 250.529998779297 246.839996337891 245.639999389648 239.910003662109 231.339996337891 225.539993286133 216.580001831055 207.070007324219 206.300003051758 206.009994506836 202.600006103516 199.529998779297 201.770004272461 201.350006103516 193.25 187.679992675781
246.619995117188 252.009994506836 257.070007324219 260.149993896484 262.029998779297 263.239990234375 264.059997558594 265.059997558594 264.75 263.880004882812 263.100006103516 262.450012207031 260.720001220703 258.420013427734 257.019989013672 257.119995117188 256.450012207031 256.739990234375 260.549987792969 261.230010986328 260.660003662109 261.320007324219 260.880004882812 259.019989013672 258.299987792969 257.559997558594 255.520004272461 258.779998779297 260.640014648438 261.119995117188 260.399993896484 258.5 256.420013427734 255.539993286133 257.010009765625 256.5 250.220001220703 243.339996337891 240.660003662109 238.830001831055 236.929992675781 230.759994506836 223.240005493164 214.929992675781 206.520004272461 205.589996337891 203.449996948242 198.789993286133 198.320007324219 202.089996337891 200.559997558594 194.979995727539 187.800003051758
245.089996337891 251.869995117188 255.869995117188 257.700012207031 258.480010986328 259 259.989990234375 261.040008544922 261.459991455078 260.510009765625 259.720001220703 259.739990234375 258.820007324219 257.920013427734 255.75 253.399993896484 249.830001831055 248.759994506836 253.570007324219 255.699996948242 255.990005493164 257.160003662109 258.420013427734 257.019989013672 255.050003051758 254.199996948242 252.279998779297 254.949996948242 256.679992675781 256.769989013672 257.160003662109 255.479995727539 251.699996948242 251.929992675781 255.220001220703 251.889999389648 243.960006713867 235.839996337891 231.839996337891 231.619995117188 229.559997558594 223.440002441406 220.050003051758 212.970001220703 204.800003051758 204.080001831055 203.559997558594 201.259994506836 199.600006103516 200.869995117188 196.589996337891 191.119995117188 189.639999389648
236.080001831055 250.809997558594 255.350006103516 256.109985351562 255.880004882812 255.899993896484 257.160003662109 258.190002441406 258.140014648438 257.109985351562 255.910003662109 255.039993286133 253.690002441406 254.419998168945 253.25 251.669998168945 247.649993896484 243.240005493164 247.059997558594 250.529998779297 251.419998168945 252.520004272461 254.399993896484 253.839996337891 251.009994506836 249.770004272461 249.210006713867 249.610000610352 249.729995727539 250.919998168945 252.139999389648 249.820007324219 248.289993286133 250.619995117188 252.119995117188 248.639999389648 242.089996337891 231.990005493164 224.699996948242 225.429992675781 220.75 210.050003051758 211.610000610352 211.050003051758 202.119995117188 201.139999389648 200.830001831055 198.479995727539 196.100006103516 196.5 192.270004272461 186.309997558594 189.509994506836
213.470001220703 243.699996948242 253.720001220703 254.020004272461 254.039993286133 254.520004272461 255.550003051758 255.509994506836 254.100006103516 253.389999389648 252.720001220703 251.270004272461 249.710006713867 250.160003662109 248.729995727539 246.669998168945 246.830001831055 242.850006103516 241.539993286133 243.949996948242 247.509994506836 250.380004882812 251.720001220703 251.789993286133 249.699996948242 247.539993286133 245.619995117188 244.240005493164 242.080001831055 242.699996948242 242.559997558594 242.580001831055 246.309997558594 249.199996948242 248.970001220703 245.440002441406 238.449996948242 228.300003051758 221.100006103516 220.589996337891 212.270004272461 204.139999389648 208.160003662109 208.779998779297 200.039993286133 197.080001831055 196.559997558594 195.179992675781 192.820007324219 191.899993896484 190.110000610352 187.880004882812 191.199996948242
190.059997558594 228.740005493164 242.169998168945 248.979995727539 250.589996337891 252.789993286133 254.210006713867 252.789993286133 250.339996337891 249.179992675781 248.039993286133 245.720001220703 244.460006713867 245.089996337891 244.270004272461 241.059997558594 241.850006103516 242.800003051758 241.309997558594 245.610000610352 252.570007324219 255.350006103516 254.899993896484 253.610000610352 249.820007324219 245.600006103516 240.479995727539 237.369995117188 237.5 237.889999389648 237.889999389648 241.130004882812 245.75 247.639999389648 246.410003662109 241.509994506836 232.289993286133 224.389999389648 218.800003051758 209.990005493164 198.309997558594 198.070007324219 204.729995727539 201.800003051758 196.25 193.419998168945 193.229995727539 193.529998779297 192.580001831055 191.059997558594 189.929992675781 189.270004272461 190.539993286133
173.320007324219 198.949996948242 215.050003051758 234.070007324219 241.820007324219 246.020004272461 248.089996337891 247.619995117188 245.220001220703 242.889999389648 241.039993286133 238.919998168945 237.809997558594 237.869995117188 239.029998779297 240.440002441406 242.360000610352 245.259994506836 246.729995727539 252.130004882812 258.480010986328 260.779998779297 258.970001220703 255.580001831055 250.589996337891 243.039993286133 238.070007324219 235.139999389648 236.080001831055 236.199996948242 237.449996948242 239.639999389648 242.130004882812 245.619995117188 243.589996337891 235.710006713867 226.429992675781 221.039993286133 211.419998168945 202.300003051758 194.039993286133 193.369995117188 197.729995727539 197.160003662109 195.979995727539 193.399993896484 194.779998779297 195.979995727539 195.470001220703 193.960006713867 192.830001831055 192.130004882812 191.270004272461
127.569999694824 168.139999389648 181.649993896484 203.869995117188 229.539993286133 238.119995117188 240.669998168945 240.300003051758 238.419998168945 236.190002441406 234.229995727539 231.990005493164 231.520004272461 231.289993286133 232.630004882812 236.899993896484 240.639999389648 242.5 246.720001220703 256.390014648438 262.929992675781 264.970001220703 261.480010986328 258.399993896484 255.229995727539 247.059997558594 239.320007324219 236.479995727539 232.699996948242 231.570007324219 236.029998779297 238.889999389648 240.660003662109 241.710006713867 239.149993896484 233.279998779297 223.449996948242 214.779998779297 203.460006713867 192.229995727539 186.639999389648 187.169998168945 192.679992675781 197.809997558594 200.279998779297 198.960006713867 199.169998168945 197.529998779297 195.630004882812 195.210006713867 192.720001220703 194.070007324219 197.229995727539
77.0199966430664 123.290000915527 150.660003662109 173.100006103516 206.389999389648 227.820007324219 232.449996948242 232.309997558594 230.570007324219 228.960006713867 226.220001220703 223.399993896484 224.059997558594 225.740005493164 228.960006713867 235.440002441406 239.559997558594 242.25 248.020004272461 259.350006103516 266.040008544922 268.160003662109 265.279998779297 261.910003662109 259.040008544922 251.759994506836 243.289993286133 240.070007324219 233.75 229.949996948242 232.869995117188 235.369995117188 234.990005493164 233.360000610352 230.539993286133 225.110000610352 215.410003662109 205.880004882812 196.809997558594 191.770004272461 189.509994506836 189.070007324219 194.699996948242 200.770004272461 202.759994506836 202.460006713867 201.190002441406 196.179992675781 192.729995727539 192.149993896484 190.529998779297 196.570007324219 202.979995727539
67.1500015258789 87.7399978637695 107.430000305176 127.059997558594 162.160003662109 205.410003662109 220.869995117188 225.350006103516 223.960006713867 221.990005493164 221.130004882812 221.419998168945 221.509994506836 222.389999389648 225.929992675781 232.710006713867 238.080001831055 244.399993896484 250.509994506836 257.619995117188 263.029998779297 265.380004882812 263.980010986328 261.329986572266 258.850006103516 254.789993286133 247.910003662109 239.110000610352 229.770004272461 225.119995117188 228.529998779297 229.460006713867 225.199996948242 224.309997558594 223.800003051758 219.220001220703 214.089996337891 205.309997558594 195.649993896484 193.949996948242 193.240005493164 192.119995117188 197.259994506836 203.470001220703 203.979995727539 202.130004882812 201.610000610352 196.179992675781 190.830001831055 190.300003051758 193.929992675781 205.550003051758 213.350006103516
64.8399963378906 66.2300033569336 70.2799987792969 82.1399993896484 96.1600036621094 125.199996948242 162.399993896484 201.229995727539 214.860000610352 214.729995727539 216.559997558594 220 220.589996337891 220.300003051758 222.809997558594 228.130004882812 233.350006103516 240.850006103516 248.410003662109 254.089996337891 258.579986572266 260.850006103516 260.869995117188 259.359985351562 257.329986572266 255.029998779297 248.410003662109 236.320007324219 226.529998779297 221.710006713867 221.350006103516 218.570007324219 214.229995727539 214 215.649993896484 217.039993286133 216.669998168945 210.550003051758 202.229995727539 199.009994506836 197.75 196.020004272461 200.960006713867 206.880004882812 205.789993286133 202.449996948242 200.660003662109 198.240005493164 193.610000610352 193.460006713867 199.360000610352 207.720001220703 210.820007324219
61 62.75 57.2000007629395 66.1999969482422 84.0999984741211 89.9199981689453 108.779998779297 141.089996337891 174.279998779297 197.059997558594 216.350006103516 217.990005493164 218.289993286133 218.399993896484 219.800003051758 223.139999389648 226.759994506836 233.320007324219 242.169998168945 248.990005493164 253.779998779297 256.399993896484 257.450012207031 256.820007324219 255.320007324219 253 247.330001831055 236.580001831055 227.470001220703 221.869995117188 217.020004272461 215.380004882812 214.789993286133 212.960006713867 212.559997558594 217.389999389648 220.639999389648 215.309997558594 209.220001220703 205.580001831055 201.279998779297 197.289993286133 200.059997558594 204.190002441406 201.220001220703 199.869995117188 200.330001831055 197 191.600006103516 193.850006103516 200.389999389648 205.360000610352 210.449996948242
55.8199996948242 61.4900016784668 56.3499984741211 55.5299987792969 78.2600021362305 98.4599990844727 111.699996948242 130.899993896484 153.369995117188 183.940002441406 211.320007324219 214.770004272461 215.979995727539 217.309997558594 216.130004882812 214.729995727539 216.660003662109 222.169998168945 234.080001831055 243.889999389648 249.860000610352 253.119995117188 254.389999389648 253.960006713867 252.5 250.059997558594 244.910003662109 236.960006713867 230.529998779297 224.029998779297 216.320007324219 213.619995117188 216.600006103516 219.419998168945 219.809997558594 221.309997558594 222.979995727539 219.520004272461 215.490005493164 210.419998168945 203.820007324219 198.600006103516 196.25 196.130004882812 197.130004882812 202.020004272461 203.869995117188 201.039993286133 193.020004272461 187.309997558594 197.580001831055 210.059997558594 219.520004272461
55.310001373291 60.9199981689453 59.1800003051758 54.8899993896484 66.3199996948242 90.0100021362305 111.160003662109 129.259994506836 155.570007324219 186.100006103516 208.419998168945 211.559997558594 212.979995727539 214.559997558594 213.300003051758 212.990005493164 217.809997558594 223.929992675781 233.610000610352 240.740005493164 245.809997558594 250.289993286133 252.119995117188 251.339996337891 249.460006713867 246.619995117188 240.639999389648 234.899993896484 232.259994506836 225.320007324219 217.139999389648 213.580001831055 216.289993286133 221.669998168945 224.449996948242 226.369995117188 227.539993286133 223.720001220703 216.130004882812 207.559997558594 201.869995117188 197.699996948242 194.270004272461 192.309997558594 195.960006713867 205.119995117188 207.320007324219 203.169998168945 194.610000610352 189.210006713867 198.380004882812 208.75 220.919998168945
55.2700004577637 59.189998626709 56.1500015258789 47.6699981689453 52.3199996948242 76.5 99.0599975585938 119.370002746582 157.070007324219 187.360000610352 199.770004272461 207.119995117188 208.800003051758 209.929992675781 211.160003662109 213.869995117188 218.580001831055 224.460006713867 231.479995727539 236.929992675781 241.440002441406 246.220001220703 248.630004882812 247.520004272461 245.600006103516 241.940002441406 234.330001831055 229.179992675781 228.330001831055 222.639999389648 218.580001831055 218.550003051758 218.520004272461 220.339996337891 223.630004882812 225.649993896484 223.960006713867 219.910003662109 214.479995727539 206.270004272461 200.199996948242 197.550003051758 194.910003662109 192.830001831055 195.580001831055 205.100006103516 207.199996948242 200.509994506836 192.369995117188 190.639999389648 200.300003051758 212.509994506836 221.179992675781
49.6300010681152 54.25 53.1199989318848 43.5800018310547 46.1300010681152 67.6699981689453 89.7399978637695 117.769996643066 152.660003662109 176.020004272461 189.130004882812 201.449996948242 203.740005493164 204.839996337891 206.740005493164 210.320007324219 214.820007324219 220.520004272461 226.929992675781 232.429992675781 237.039993286133 240.830001831055 242.759994506836 242.139999389648 240.960006713867 235.919998168945 228.410003662109 224.710006713867 221.690002441406 220.229995727539 219.070007324219 219.889999389648 219.759994506836 218.330001831055 220.589996337891 222.059997558594 220.5 217.580001831055 213.199996948242 207.139999389648 201.880004882812 195.820007324219 191.179992675781 190.729995727539 195.399993896484 202.75 202.279998779297 194.759994506836 187.970001220703 189.550003051758 201.070007324219 211.5 213.470001220703
45.5299987792969 53.4799995422363 54.4099998474121 52.2299995422363 62.0400009155273 76.120002746582 86.8000030517578 117.480003356934 152.570007324219 171.100006103516 183.75 193.759994506836 197.100006103516 199.110000610352 201.919998168945 207.380004882812 212.460006713867 217.199996948242 222.440002441406 227.880004882812 232.570007324219 235.330001831055 236.490005493164 236.380004882812 235.419998168945 231 224.039993286133 218.830001831055 217.720001220703 218.050003051758 216.660003662109 217.979995727539 219.389999389648 218.100006103516 217.050003051758 214.949996948242 213.610000610352 212.990005493164 210.970001220703 206.990005493164 200.179992675781 191.339996337891 185.970001220703 188.009994506836 193.669998168945 195.479995727539 193.070007324219 189.960006713867 182.619995117188 184.929992675781 199.75 203.300003051758 196.479995727539
35.7799987792969 48.7799987792969 53.3600006103516 53.6599998474121 63.7599983215332 81.7099990844727 93.3000030517578 120.040000915527 150.149993896484 169.429992675781 181 188.779998779297 191.850006103516 194.179992675781 197.369995117188 202.880004882812 208.25 213.380004882812 218.399993896484 223.440002441406 227.699996948242 229.619995117188 228.789993286133 228.649993896484 229.789993286133 225.550003051758 218.929992675781 215.710006713867 216.210006713867 216.880004882812 215.889999389648 215.860000610352 216.449996948242 215.360000610352 212.440002441406 209.979995727539 207.770004272461 206.479995727539 204.610000610352 201.169998168945 193.660003662109 182.869995117188 179.580001831055 184.039993286133 187.539993286133 187.940002441406 185.899993896484 184.179992675781 182.220001220703 187.75 196.529998779297 196 194.869995117188
25.2299995422363 33.7299995422363 42.5200004577637 45.9500007629395 54.9500007629395 74.870002746582 92.2600021362305 118.25 152.639999389648 171.570007324219 181.639999389648 186.240005493164 187.949996948242 188.940002441406 192.550003051758 197.550003051758 203.080001831055 209.039993286133 214.509994506836 219.100006103516 222.800003051758 224.229995727539 222.539993286133 222.039993286133 221.580001831055 217.389999389648 216.25 217.020004272461 217.509994506836 217.350006103516 214.449996948242 211.169998168945 210.029998779297 208.210006713867 205.380004882812 203.610000610352 202.839996337891 201.160003662109 198.179992675781 194.580001831055 190.460006713867 184.860000610352 178.050003051758 175.539993286133 180.429992675781 183.960006713867 183.889999389648 183.779998779297 183.699996948242 190.740005493164 205.039993286133 214.059997558594 217.919998168945
13.2799997329712 15.5900001525879 24.6299991607666 32.8699989318848 49.0499992370605 67.0199966430664 85.1800003051758 119.360000610352 150.509994506836 169.160003662109 181.559997558594 182.949996948242 183.979995727539 185.110000610352 187.710006713867 192.149993896484 198.740005493164 206.080001831055 211.929992675781 215.770004272461 218.789993286133 219.789993286133 218.350006103516 217.720001220703 214.009994506836 210.649993896484 215.940002441406 220.089996337891 221.160003662109 217.039993286133 209.940002441406 205.110000610352 200.309997558594 197.210006713867 196.179992675781 195.320007324219 195.570007324219 194.869995117188 193.160003662109 188.789993286133 183.860000610352 182.529998779297 178.210006713867 170.520004272461 172.479995727539 177.830001831055 177.649993896484 179 185.059997558594 194.589996337891 206.210006713867 216.259994506836 222.630004882812
18.2399997711182 7.90000009536743 13.2899999618530 21.8199996948242 40.6800003051758 51.0900001525879 76.4199981689453 136.270004272461 165.899993896484 176.449996948242 181.679992675781 180.830001831055 181.009994506836 181.380004882812 183.309997558594 188.429992675781 196.119995117188 204.149993896484 210.339996337891 214.529998779297 216.860000610352 217.440002441406 217.419998168945 216.470001220703 209.800003051758 205.630004882812 212.369995117188 217.649993896484 220.009994506836 216.119995117188 204.639999389648 194.610000610352 187.399993896484 185.850006103516 187.229995727539 187.740005493164 186.740005493164 186.520004272461 187.160003662109 183.429992675781 176.479995727539 177.139999389648 179.5 168.809997558594 164.979995727539 170.289993286133 167.080001831055 175.270004272461 197.869995117188 205.639999389648 199.210006713867 197.160003662109 214.789993286133
